(0, 0) -1578 (1, 1)
(0, 1) -1451 (2, 1)
(0, 2) -1431 (1, 2)
(0, 3) -1580 (2, 2)
(0, 4) -1509 (1, 3)
(0, 5) -1599 (2, 3)
(0, 6) -1435 (1, 4)
(0, 9) -1520 (2, 5)
(0, 10) -1500 (1, 6)
(0, 11) -1591 (2, 6)
(0, 12) -1450 (1, 7)
(0, 13) -1508 (2, 7)
(0, 14) -1504 (1, 8)
(1, 0) -1443 (2, 8)
(1, 1) -1506 (1, 9)
(1, 2) -1574 (2, 9)
(1, 3) -1456 (1, 10)
(1, 4) -1495 (2, 10)
(1, 5) -1554 (1, 11)
(1, 6) -1359 (2, 11)
(1, 9) -1534 (1, 13)
(1, 10) -1447 (2, 13)
(1, 11) -1377 (1, 14)
(1, 12) -1495 (2, 14)
(1, 13) -1588 (1, 15)
(1, 14) -1560 (2, 15)
(2, 0) -1336 (1, 16)
(2, 1) -1480 (2, 16)
(2, 2) -1570 (1, 17)
(2, 3) -1500 (2, 17)
(2, 4) -1504 (1, 18)
(2, 5) -1592 (2, 18)
(2, 6) -1519 (1, 19)
(2, 9) -1494 (2, 20)
(2, 10) -1572 (1, 21)
(2, 11) -1518 (2, 21)
(2, 12) -1548 (1, 22)
(2, 14) -1519 (1, 23)
(3, 0) -1577 (2, 23)
(3, 1) -1322 (1, 24)
(3, 2) -1457 (2, 24)
(3, 3) -1311 (1, 25)
(3, 4) -1469 (2, 25)
(3, 5) -1553 (1, 26)
(3, 6) -1460 (2, 26)
(3, 9) -1389 (1, 28)
(3, 10) -1338 (2, 28)
(3, 11) -1353 (1, 29)
(3, 12) -1586 (2, 29)
(3, 13) -1429 (1, 30)
(3, 14) -1497 (2, 30)
(4, 0) -1441 (1, 31)
(4, 1) -1246 (2, 31)
(4, 2) -1592 (1, 32)
(4, 3) -1241 (2, 32)
(4, 4) -1422 (1, 33)
(4, 5) -1456 (2, 33)
(4, 6) -1554 (1, 34)
(4, 9) -1339 (2, 35)
(4, 10) -1451 (1, 36)
(4, 11) -1597 (2, 36)
(4, 12) -1491 (1, 37)
(4, 13) -1370 (2, 37)
(4, 14) -1437 (1, 38)
(5, 0) -1426 (2, 38)
(5, 1) -1500 (1, 39)
(5, 2) -1120 (2, 39)
(5, 3) -1525 (1, 40)
(5, 4) -1542 (2, 40)
(5, 5) -1533 (1, 41)
(5, 6) -1529 (2, 41)
(5, 9) -1331 (1, 43)
(5, 10) -1505 (2, 43)
(5, 11) -1487 (1, 44)
(5, 12) -1456 (2, 44)
(5, 13) -1494 (1, 45)
(5, 14) -1544 (2, 45)
(6, 0) -1550 (1, 46)
(6, 1) -1586 (2, 46)
(6, 2) -1410 (1, 47)
(6, 3) -1372 (2, 47)
(6, 4) -1489 (1, 48)
(6, 5) -1510 (2, 48)
(6, 6) -1473 (1, 49)
(6, 9) -1591 (2, 50)
(6, 10) -1387 (1, 51)
(6, 11) -1480 (2, 51)
(6, 12) -1401 (1, 52)
(6, 13) -1366 (2, 52)
(6, 14) -1413 (1, 53)
(7, 0) -1539 (2, 53)
(7, 1) -1262 (1, 54)
(7, 2) -1413 (2, 54)
(7, 3) -1491 (1, 55)
(7, 4) -1479 (2, 55)
(7, 5) -1578 (1, 56)
(7, 6) -1476 (2, 56)
(7, 9) -1455 (1, 58)
(7, 10) -1522 (2, 58)
(7, 11) -1579 (1, 59)
(7, 12) -1497 (2, 59)
(7, 13) -1558 (1, 60)
(7, 14) -1473 (2, 60)
(8, 0) -1465 (1, 61)
(8, 1) -1417 (2, 61)
(8, 2) -1379 (1, 62)
(8, 3) -1594 (2, 62)
(8, 4) -1418 (1, 63)
(8, 5) -1361 (2, 63)
(8, 6) -1251 (1, 64)
(8, 9) -1484 (2, 65)
(8, 10) -1576 (1, 66)
(8, 11) -1475 (2, 66)
(8, 12) -1460 (1, 67)
(8, 13) -1400 (2, 67)
(8, 14) -1439 (1, 68)
(9, 0) -1531 (2, 68)
(9, 1) -1512 (1, 69)
(9, 2) -1502 (2, 69)
(9, 3) -1593 (1, 70)
(9, 4) -1586 (2, 70)
(9, 5) -1411 (1, 71)
(9, 6) -1564 (2, 71)
(9, 9) -1563 (1, 73)
(9, 10) -1514 (2, 73)
(9, 11) -1533 (1, 74)
(9, 12) -1573 (2, 74)
(9, 13) -1443 (1, 75)
(9, 14) -1500 (2, 75)
(10, 0) -1479 (1, 76)
(10, 1) -1503 (2, 76)
(10, 2) -1532 (1, 77)
(10, 3) -1485 (2, 77)
(10, 4) -1490 (1, 78)
(10, 5) -1235 (2, 78)
(10, 6) -1461 (1, 79)
(10, 9) -1501 (2, 80)
(10, 10) -1514 (1, 81)
(10, 11) -1484 (2, 81)
(10, 12) -1500 (1, 82)
(10, 13) -1581 (2, 82)
(10, 14) -1508 (1, 83)
(11, 0) -1500 (2, 83)
(11, 1) -1448 (1, 84)
(11, 2) -1435 (2, 84)
(11, 3) -1571 (1, 85)
(11, 4) -1491 (2, 85)
(11, 5) -1570 (1, 86)
(11, 6) -1519 (2, 86)
(11, 9) -1512 (1, 88)
(11, 10) -1559 (2, 88)
(11, 11) -1416 (1, 89)
(11, 12) -1552 (2, 89)
(11, 13) -1592 (1, 90)
(11, 14) -1172 (2, 90)
(12, 0) -1462 (1, 91)
(12, 1) -1554 (2, 91)
(12, 2) -1429 (1, 92)
(12, 3) -1493 (2, 92)
(12, 4) -1497 (1, 93)
(12, 5) -1536 (2, 93)
(12, 6) -1210 (1, 94)
(12, 9) -1063 (2, 95)
(12, 10) -1286 (1, 96)
(12, 11) -1119 (2, 96)
(12, 12) -1391 (1, 97)
(12, 13) -1366 (2, 97)
(12, 14) -1028 (1, 98)
(13, 0) -1566 (2, 98)
(13, 1) -1559 (1, 99)
(13, 2) -1468 (2, 99)
(13, 3) -1382 (1, 100)
(13, 4) -1380 (2, 100)
(13, 5) -1396 (1, 101)
(13, 6) -1451 (2, 101)
(13, 9) -1565 (1, 103)
(13, 10) -1429 (2, 103)
(13, 11) -1522 (1, 104)
(13, 12) -1504 (2, 104)
(13, 13) -1337 (1, 105)
(13, 14) -1489 (2, 105)
(14, 0) -1559 (1, 106)
(14, 1) -1474 (2, 106)
(14, 2) -1568 (1, 107)
(14, 3) -1507 (2, 107)
(14, 4) -1309 (1, 108)
(14, 5) -1189 (2, 108)
(14, 6) -1484 (1, 109)
(14, 9) -1570 (2, 110)
(14, 10) -1532 (1, 111)
(14, 11) -1569 (2, 111)
(14, 12) -1452 (1, 112)
(14, 13) -1543 (2, 112)
(14, 14) -1489 (1, 113)
(15, 0) -1574 (2, 113)
(15, 1) -1494 (1, 114)
(15, 2) -1504 (2, 114)
