(0, 0) -1426 (1, 1)
(0, 1) -1352 (2, 1)
(0, 2) -1530 (1, 2)
(0, 3) -1480 (2, 2)
(0, 4) -1448 (1, 3)
(0, 5) -1470 (2, 3)
(0, 6) -1516 (1, 4)
(0, 9) -1491 (2, 5)
(0, 10) -1459 (1, 6)
(0, 11) -1414 (2, 6)
(0, 12) -1574 (1, 7)
(0, 13) -1379 (2, 7)
(0, 14) -1596 (1, 8)
(1, 0) -1494 (2, 8)
(1, 1) -1438 (1, 9)
(1, 2) -1256 (2, 9)
(1, 3) -1278 (1, 10)
(1, 4) -1512 (2, 10)
(1, 5) -1267 (1, 11)
(1, 6) -1525 (2, 11)
(1, 9) -1275 (1, 13)
(1, 10) -1512 (2, 13)
(1, 11) -1509 (1, 14)
(1, 12) -1276 (2, 14)
(1, 13) -1593 (1, 15)
(1, 14) -1535 (2, 15)
(2, 0) -1473 (1, 16)
(2, 1) -1487 (2, 16)
(2, 2) -1422 (1, 17)
(2, 3) -1521 (2, 17)
(2, 4) -1479 (1, 18)
(2, 5) -1436 (2, 18)
(2, 6) -1437 (1, 19)
(2, 9) -1147 (2, 20)
(2, 10) -1354 (1, 21)
(2, 11) -1335 (2, 21)
(2, 12) -1319 (1, 22)
(2, 14) -1281 (1, 23)
(3, 0) -1583 (2, 23)
(3, 1) -1298 (1, 24)
(3, 2) -1272 (2, 24)
(3, 3) -1274 (1, 25)
(3, 4) -1311 (2, 25)
(3, 5) -1488 (1, 26)
(3, 6) -1294 (2, 26)
(3, 9) -1390 (1, 28)
(3, 10) -1482 (2, 28)
(3, 11) -1388 (1, 29)
(3, 12) -1479 (2, 29)
(3, 13) -1514 (1, 30)
(3, 14) -1444 (2, 30)
(4, 0) -1450 (1, 31)
(4, 1) -1456 (2, 31)
(4, 2) -1490 (1, 32)
(4, 3) -1129 (2, 32)
(4, 4) -1125 (1, 33)
(4, 5) -1409 (2, 33)
(4, 6) -1546 (1, 34)
(4, 9) -1427 (2, 35)
(4, 10) -1533 (1, 36)
(4, 11) -1430 (2, 36)
(4, 12) -1491 (1, 37)
(4, 13) -1400 (2, 37)
(4, 14) -1451 (1, 38)
(5, 0) -1500 (2, 38)
(5, 1) -1390 (1, 39)
(5, 2) -1458 (2, 39)
(5, 3) -1378 (1, 40)
(5, 4) -1466 (2, 40)
(5, 5) -1388 (1, 41)
(5, 6) -1425 (2, 41)
(5, 9) -1376 (1, 43)
(5, 10) -1298 (2, 43)
(5, 11) -1547 (1, 44)
(5, 12) -1266 (2, 44)
(5, 13) -1573 (1, 45)
(5, 14) -1480 (2, 45)
(6, 0) -1335 (1, 46)
(6, 1) -1557 (2, 46)
(6, 2) -1415 (1, 47)
(6, 3) -1455 (2, 47)
(6, 4) -1448 (1, 48)
(6, 5) -1477 (2, 48)
(6, 6) -1502 (1, 49)
(6, 9) -1527 (2, 50)
(6, 10) -1377 (1, 51)
(6, 11) -1600 (2, 51)
(6, 12) -1166 (1, 52)
(6, 13) -1511 (2, 52)
(6, 14) -1408 (1, 53)
(7, 0) -1216 (2, 53)
(7, 1) -1419 (1, 54)
(7, 2) -1386 (2, 54)
(7, 3) -1368 (1, 55)
(7, 4) -1363 (2, 55)
(7, 5) -1240 (1, 56)
(7, 6) -1439 (2, 56)
(7, 9) -1449 (1, 58)
(7, 10) -1400 (2, 58)
(7, 11) -1373 (1, 59)
(7, 12) -1320 (2, 59)
(7, 13) -1392 (1, 60)
(7, 14) -1429 (2, 60)
(8, 0) -1288 (1, 61)
(8, 1) -1505 (2, 61)
(8, 2) -1302 (1, 62)
(8, 3) -1302 (2, 62)
(8, 4) -1258 (1, 63)
(8, 5) -1297 (2, 63)
(8, 6) -1253 (1, 64)
(8, 9) -1292 (2, 65)
(8, 10) -1321 (1, 66)
(8, 11) -1210 (2, 66)
(8, 12) -1201 (1, 67)
(8, 13) -1191 (2, 67)
(8, 14) -1600 (1, 68)
(9, 0) -1377 (2, 68)
(9, 1) -1381 (1, 69)
(9, 2) -1503 (2, 69)
(9, 3) -1294 (1, 70)
(9, 4) -1319 (2, 70)
(9, 5) -1434 (1, 71)
(9, 6) -1428 (2, 71)
(9, 9) -1322 (1, 73)
(9, 10) -1401 (2, 73)
(9, 11) -1474 (1, 74)
(9, 12) -1437 (2, 74)
(9, 13) -1424 (1, 75)
(9, 14) -1433 (2, 75)
(10, 0) -1558 (1, 76)
(10, 1) -1599 (2, 76)
(10, 2) -1429 (1, 77)
(10, 3) -1463 (2, 77)
(10, 4) -1388 (1, 78)
(10, 5) -1547 (2, 78)
(10, 6) -1381 (1, 79)
(10, 9) -1431 (2, 80)
(10, 10) -1332 (1, 81)
(10, 11) -1460 (2, 81)
(10, 12) -1470 (1, 82)
(10, 13) -1382 (2, 82)
(10, 14) -1501 (1, 83)
(11, 0) -1500 (2, 83)
(11, 1) -1527 (1, 84)
(11, 2) -1527 (2, 84)
(11, 3) -1188 (1, 85)
(11, 4) -1243 (2, 85)
(11, 5) -1277 (1, 86)
(11, 6) -1246 (2, 86)
(11, 9) -1244 (1, 88)
(11, 10) -1216 (2, 88)
(11, 11) -1178 (1, 89)
(11, 12) -1100 (2, 89)
(11, 13) -1190 (1, 90)
(11, 14) -1290 (2, 90)
(12, 0) -1322 (1, 91)
(12, 1) -1176 (2, 91)
(12, 2) -1372 (1, 92)
(12, 3) -1415 (2, 92)
(12, 4) -1409 (1, 93)
(12, 5) -1326 (2, 93)
(12, 6) -1297 (1, 94)
(12, 9) -1259 (2, 95)
(12, 10) -1343 (1, 96)
(12, 11) -1527 (2, 96)
(12, 12) -1549 (1, 97)
(12, 13) -1541 (2, 97)
(12, 14) -1589 (1, 98)
(13, 0) -1533 (2, 98)
(13, 1) -1553 (1, 99)
(13, 2) -1454 (2, 99)
(13, 3) -1250 (1, 100)
(13, 4) -1465 (2, 100)
(13, 5) -1399 (1, 101)
(13, 6) -1389 (2, 101)
(13, 9) -1587 (1, 103)
(13, 10) -1434 (2, 103)
(13, 11) -1433 (1, 104)
(13, 12) -1409 (2, 104)
(13, 13) -1494 (1, 105)
(13, 14) -1453 (2, 105)
(14, 0) -1271 (1, 106)
(14, 1) -1422 (2, 106)
(14, 2) -1307 (1, 107)
(14, 3) -1451 (2, 107)
(14, 4) -1189 (1, 108)
(14, 5) -1347 (2, 108)
(14, 6) -1321 (1, 109)
(14, 9) -1177 (2, 110)
(14, 10) -1235 (1, 111)
(14, 11) -1252 (2, 111)
(14, 12) -1310 (1, 112)
(14, 13) -1324 (2, 112)
(14, 14) -1347 (1, 113)
(15, 0) -1243 (2, 113)
(15, 1) -1191 (1, 114)
(15, 2) -826 (2, 114)
