(0, 0) -1341 (1, 1)
(0, 1) -1526 (2, 1)
(0, 2) -1335 (1, 2)
(0, 3) -1467 (2, 2)
(0, 4) -1486 (1, 3)
(0, 5) -1457 (2, 3)
(0, 6) -1308 (1, 4)
(0, 9) -1380 (2, 5)
(0, 10) -1450 (1, 6)
(0, 11) -1381 (2, 6)
(0, 12) -1304 (1, 7)
(0, 13) -1336 (2, 7)
(0, 14) -1199 (1, 8)
(1, 0) -1263 (2, 8)
(1, 1) -1308 (1, 9)
(1, 2) -1054 (2, 9)
(1, 3) -1223 (1, 10)
(1, 4) -1233 (2, 10)
(1, 5) -1250 (1, 11)
(1, 6) -1309 (2, 11)
(1, 9) -1420 (1, 13)
(1, 10) -1449 (2, 13)
(1, 11) -1489 (1, 14)
(1, 12) -1553 (2, 14)
(1, 13) -1448 (1, 15)
(1, 14) -1479 (2, 15)
(2, 0) -1172 (1, 16)
(2, 1) -1512 (2, 16)
(2, 2) -1496 (1, 17)
(2, 3) -1516 (2, 17)
(2, 4) -1437 (1, 18)
(2, 5) -1483 (2, 18)
(2, 6) -1482 (1, 19)
(2, 9) -1503 (2, 20)
(2, 10) -1500 (1, 21)
(2, 11) -1440 (2, 21)
(2, 12) -1411 (1, 22)
(2, 13) -1106 (2, 22)
(2, 14) -1149 (1, 23)
(3, 0) -1529 (2, 23)
(3, 1) -1556 (1, 24)
(3, 2) -1526 (2, 24)
(3, 3) -1414 (1, 25)
(3, 4) -1467 (2, 25)
(3, 5) -1502 (1, 26)
(3, 6) -1278 (2, 26)
(3, 9) -1472 (1, 28)
(3, 10) -1592 (2, 28)
(3, 11) -1400 (1, 29)
(3, 12) -1505 (2, 29)
(3, 13) -1448 (1, 30)
(3, 14) -1491 (2, 30)
(4, 0) -1338 (1, 31)
(4, 1) -1596 (2, 31)
(4, 2) -1433 (1, 32)
(4, 3) -1403 (2, 32)
(4, 4) -1442 (1, 33)
(4, 5) -1454 (2, 33)
(4, 6) -1473 (1, 34)
(4, 9) -1582 (2, 35)
(4, 10) -1530 (1, 36)
(4, 11) -1493 (2, 36)
(4, 12) -1443 (1, 37)
(4, 13) -1457 (2, 37)
(4, 14) -1446 (1, 38)
(5, 0) -1387 (2, 38)
(5, 1) -1482 (1, 39)
(5, 2) -1467 (2, 39)
(5, 3) -1403 (1, 40)
(5, 4) -1251 (2, 40)
(5, 5) -1412 (1, 41)
(5, 6) -1304 (2, 41)
(5, 9) -1458 (1, 43)
(5, 10) -1557 (2, 43)
(5, 11) -1471 (1, 44)
(5, 12) -1528 (2, 44)
(5, 13) -1582 (1, 45)
(5, 14) -1445 (2, 45)
(6, 0) -1411 (1, 46)
(6, 1) -1386 (2, 46)
(6, 2) -1458 (1, 47)
(6, 3) -1523 (2, 47)
(6, 4) -1361 (1, 48)
(6, 5) -1483 (2, 48)
(6, 6) -1447 (1, 49)
(6, 9) -1455 (2, 50)
(6, 10) -1583 (1, 51)
(6, 11) -1405 (2, 51)
(6, 12) -1494 (1, 52)
(6, 13) -1525 (2, 52)
(6, 14) -1443 (1, 53)
(7, 0) -1536 (2, 53)
(7, 1) -1407 (1, 54)
(7, 2) -1459 (2, 54)
(7, 3) -1461 (1, 55)
(7, 4) -1457 (2, 55)
(7, 5) -1387 (1, 56)
(7, 6) -1529 (2, 56)
(7, 9) -1444 (1, 58)
(7, 10) -1348 (2, 58)
(7, 11) -1462 (1, 59)
(7, 12) -1448 (2, 59)
(7, 13) -1401 (1, 60)
(7, 14) -1502 (2, 60)
(8, 0) -1417 (1, 61)
(8, 1) -1361 (2, 61)
(8, 2) -1357 (1, 62)
(8, 3) -1355 (2, 62)
(8, 4) -1556 (1, 63)
(8, 5) -1561 (2, 63)
(8, 6) -1506 (1, 64)
(8, 9) -1319 (2, 65)
(8, 10) -1429 (1, 66)
(8, 11) -1540 (2, 66)
(8, 12) -1477 (1, 67)
(8, 13) -1469 (2, 67)
(8, 14) -1526 (1, 68)
(9, 0) -1561 (2, 68)
(9, 1) -1195 (1, 69)
(9, 2) -1534 (2, 69)
(9, 3) -1319 (1, 70)
(9, 4) -1441 (2, 70)
(9, 5) -1395 (1, 71)
(9, 6) -1469 (2, 71)
(9, 9) -1415 (1, 73)
(9, 10) -1434 (2, 73)
(9, 11) -1480 (1, 74)
(9, 12) -1457 (2, 74)
(9, 13) -1509 (1, 75)
(9, 14) -1434 (2, 75)
(10, 0) -1568 (1, 76)
(10, 1) -1423 (2, 76)
(10, 2) -1492 (1, 77)
(10, 3) -1463 (2, 77)
(10, 4) -1454 (1, 78)
(10, 5) -1326 (2, 78)
(10, 6) -1475 (1, 79)
(10, 9) -1384 (2, 80)
(10, 10) -1366 (1, 81)
(10, 11) -1387 (2, 81)
(10, 12) -1477 (1, 82)
(10, 13) -1341 (2, 82)
(10, 14) -1505 (1, 83)
(11, 0) -1491 (2, 83)
(11, 1) -1515 (1, 84)
(11, 2) -1494 (2, 84)
(11, 3) -1582 (1, 85)
(11, 4) -1472 (2, 85)
(11, 5) -1574 (1, 86)
(11, 6) -1524 (2, 86)
(11, 9) -1585 (1, 88)
(11, 10) -1284 (2, 88)
(11, 11) -1575 (1, 89)
(11, 12) -1458 (2, 89)
(11, 13) -1493 (1, 90)
(11, 14) -1471 (2, 90)
(12, 0) -1429 (1, 91)
(12, 1) -1370 (2, 91)
(12, 2) -1460 (1, 92)
(12, 3) -1572 (2, 92)
(12, 4) -1285 (1, 93)
(12, 5) -1596 (2, 93)
(12, 6) -1338 (1, 94)
(12, 9) -1484 (2, 95)
(12, 10) -1595 (1, 96)
(12, 11) -1518 (2, 96)
(12, 12) -1434 (1, 97)
(12, 13) -1418 (2, 97)
(12, 14) -1518 (1, 98)
(13, 0) -1520 (2, 98)
(13, 1) -1414 (1, 99)
(13, 2) -1491 (2, 99)
(13, 3) -1389 (1, 100)
(13, 4) -1479 (2, 100)
(13, 5) -1375 (1, 101)
(13, 6) -1574 (2, 101)
(13, 9) -1496 (1, 103)
(13, 10) 0 (2, 103)
(13, 11) -1320 (1, 104)
(13, 12) -1537 (2, 104)
(13, 13) -1534 (1, 105)
(13, 14) -1486 (2, 105)
(14, 0) -1570 (1, 106)
(14, 1) -1575 (2, 106)
(14, 2) -1500 (1, 107)
(14, 3) -1582 (2, 107)
(14, 4) -1417 (1, 108)
(14, 5) -1597 (2, 108)
(14, 6) -1461 (1, 109)
(14, 9) -1535 (2, 110)
(14, 10) -1442 (1, 111)
(14, 11) -1479 (2, 111)
(14, 12) -1544 (1, 112)
(14, 13) -1523 (2, 112)
(14, 14) -1551 (1, 113)
(15, 0) -1441 (2, 113)
(15, 1) -1367 (1, 114)
