(0, 0) -1563 (1, 1)
(0, 1) -1501 (2, 1)
(0, 2) -1549 (1, 2)
(0, 3) -1333 (2, 2)
(0, 4) -1306 (1, 3)
(0, 5) -1291 (2, 3)
(0, 6) -1266 (1, 4)
(0, 9) -1263 (2, 5)
(0, 10) -1376 (1, 6)
(0, 11) -1227 (2, 6)
(0, 12) -1275 (1, 7)
(0, 13) -1338 (2, 7)
(0, 14) -1029 (1, 8)
(1, 0) -1445 (2, 8)
(1, 1) -1579 (1, 9)
(1, 2) -1255 (2, 9)
(1, 3) -1443 (1, 10)
(1, 4) -1294 (2, 10)
(1, 5) -1369 (1, 11)
(1, 6) -1284 (2, 11)
(1, 9) -1263 (1, 13)
(1, 10) -1434 (2, 13)
(1, 11) -1380 (1, 14)
(1, 12) -1348 (2, 14)
(1, 13) -1416 (1, 15)
(1, 14) -1542 (2, 15)
(2, 0) -1283 (1, 16)
(2, 1) -1391 (2, 16)
(2, 2) -1425 (1, 17)
(2, 3) -1482 (2, 17)
(2, 4) -1458 (1, 18)
(2, 5) -1454 (2, 18)
(2, 6) -1556 (1, 19)
(2, 9) -1309 (2, 20)
(2, 10) -1447 (1, 21)
(2, 11) -1388 (2, 21)
(2, 12) -1334 (1, 22)
(2, 13) -1320 (2, 22)
(2, 14) -1410 (1, 23)
(3, 0) -1511 (2, 23)
(3, 1) -1399 (1, 24)
(3, 2) -1300 (2, 24)
(3, 3) -1391 (1, 25)
(3, 4) -1132 (2, 25)
(3, 5) -1559 (1, 26)
(3, 6) -1504 (2, 26)
(3, 9) -1573 (1, 28)
(3, 10) -1493 (2, 28)
(3, 11) -1345 (1, 29)
(3, 12) -1474 (2, 29)
(3, 13) -1431 (1, 30)
(3, 14) -1443 (2, 30)
(4, 0) -1552 (1, 31)
(4, 1) -1533 (2, 31)
(4, 2) -1517 (1, 32)
(4, 3) -1394 (2, 32)
(4, 4) -1395 (1, 33)
(4, 5) -1492 (2, 33)
(4, 6) -1427 (1, 34)
(4, 9) -1594 (2, 35)
(4, 10) -1580 (1, 36)
(4, 11) -1495 (2, 36)
(4, 12) -1494 (1, 37)
(4, 13) -1563 (2, 37)
(4, 14) -1431 (1, 38)
(5, 0) -1491 (2, 38)
(5, 1) -1563 (1, 39)
(5, 2) -1530 (2, 39)
(5, 3) -1558 (1, 40)
(5, 4) -1519 (2, 40)
(5, 5) -1552 (1, 41)
(5, 6) -1599 (2, 41)
(5, 9) -1557 (1, 43)
(5, 10) -1597 (2, 43)
(5, 11) -1546 (1, 44)
(5, 12) -1523 (2, 44)
(5, 13) -1440 (1, 45)
(5, 14) -1335 (2, 45)
(6, 0) -1500 (1, 46)
(6, 1) -1497 (2, 46)
(6, 2) -1477 (1, 47)
(6, 3) -1539 (2, 47)
(6, 4) -1453 (1, 48)
(6, 5) -1486 (2, 48)
(6, 6) -1440 (1, 49)
(6, 9) -1534 (2, 50)
(6, 10) -1505 (1, 51)
(6, 11) -1425 (2, 51)
(6, 12) -1551 (1, 52)
(6, 13) -1549 (2, 52)
(6, 14) -1471 (1, 53)
(7, 0) -1418 (2, 53)
(7, 1) -1530 (1, 54)
(7, 2) -1588 (2, 54)
(7, 3) -1550 (1, 55)
(7, 4) -1554 (2, 55)
(7, 5) -1514 (1, 56)
(7, 6) -1545 (2, 56)
(7, 9) -1370 (1, 58)
(7, 10) -1375 (2, 58)
(7, 11) -1420 (1, 59)
(7, 12) -1368 (2, 59)
(7, 13) -1367 (1, 60)
(7, 14) -1506 (2, 60)
(8, 0) -1069 (1, 61)
(8, 1) -1364 (2, 61)
(8, 2) -1308 (1, 62)
(8, 3) -1459 (2, 62)
(8, 4) -1224 (1, 63)
(8, 5) -1052 (2, 63)
(8, 6) -1524 (1, 64)
(8, 9) -1504 (2, 65)
(8, 10) -1116 (1, 66)
(8, 11) -1071 (2, 66)
(8, 12) -949 (1, 67)
(8, 13) -1175 (2, 67)
(8, 14) -994 (1, 68)
(9, 0) -1224 (2, 68)
(9, 1) -1181 (1, 69)
(9, 2) -1212 (2, 69)
(9, 3) -1115 (1, 70)
(9, 4) -1313 (2, 70)
(9, 5) -1444 (1, 71)
(9, 6) -1439 (2, 71)
(9, 9) -1580 (1, 73)
(9, 10) -1394 (2, 73)
(9, 11) -1539 (1, 74)
(9, 12) -1259 (2, 74)
(9, 13) -1419 (1, 75)
(9, 14) -1358 (2, 75)
(10, 0) -1343 (1, 76)
(10, 1) -1439 (2, 76)
(10, 2) -1466 (1, 77)
(10, 3) -1223 (2, 77)
(10, 4) -1477 (1, 78)
(10, 5) -1277 (2, 78)
(10, 6) -1455 (1, 79)
(10, 9) -1473 (2, 80)
(10, 10) -1412 (1, 81)
(10, 11) -1331 (2, 81)
(10, 12) -1522 (1, 82)
(10, 13) -1590 (2, 82)
(10, 14) -1370 (1, 83)
(11, 0) -1292 (2, 83)
(11, 1) -1490 (1, 84)
(11, 2) -1375 (2, 84)
(11, 3) -1547 (1, 85)
(11, 4) -1369 (2, 85)
(11, 5) -1443 (1, 86)
(11, 6) -1599 (2, 86)
(11, 9) -1506 (1, 88)
(11, 10) -1530 (2, 88)
(11, 11) -1485 (1, 89)
(11, 12) -1337 (2, 89)
(11, 13) -1420 (1, 90)
(11, 14) -1590 (2, 90)
(12, 0) -1551 (1, 91)
(12, 1) -1211 (2, 91)
(12, 2) -1417 (1, 92)
(12, 3) -1465 (2, 92)
(12, 4) -1434 (1, 93)
(12, 5) -1501 (2, 93)
(12, 6) -1292 (1, 94)
(12, 9) -1486 (2, 95)
(12, 10) -1236 (1, 96)
(12, 11) -1444 (2, 96)
(12, 12) -1438 (1, 97)
(12, 13) -1467 (2, 97)
(12, 14) -1500 (1, 98)
(13, 0) -1390 (2, 98)
(13, 1) -1555 (1, 99)
(13, 2) -1423 (2, 99)
(13, 3) -1415 (1, 100)
(13, 4) -1515 (2, 100)
(13, 5) -1563 (1, 101)
(13, 6) -1063 (2, 101)
(13, 9) -1464 (1, 103)
(13, 10) -1507 (2, 103)
(13, 11) -1555 (1, 104)
(13, 12) -1520 (2, 104)
(13, 13) -1500 (1, 105)
(13, 14) -1594 (2, 105)
(14, 0) -1573 (1, 106)
(14, 1) -1366 (2, 106)
(14, 2) -1496 (1, 107)
(14, 3) -1529 (2, 107)
(14, 4) -1591 (1, 108)
(14, 5) -1499 (2, 108)
(14, 6) -1443 (1, 109)
(14, 9) -1425 (2, 110)
(14, 10) -1424 (1, 111)
(14, 11) -1547 (2, 111)
(14, 12) -1598 (1, 112)
(14, 13) -1518 (2, 112)
(14, 14) -1591 (1, 113)
(15, 0) -1500 (2, 113)
(15, 1) -1459 (1, 114)
