1 1 0 0 -1461 1.00000
1 2 0 1 -1597 0.91500
1 3 0 2 -1486 1.10300
1 4 0 3 -1575 0.57600
1 5 0 4 -1570 0.96800
1 6 0 5 -1582 0.74600
1 7 0 6 -1414 0.70800
1 8 0 7 -1417 0.66400
1 9 0 8 -1520 0.45300
1 10 0 9 -1500 1.00000
1 18 1 0 -1418 0.91900
1 19 1 1 0 1.00000
1 20 1 2 -1491 1.24700
1 21 1 3 -1534 1.00000
1 22 1 4 -1537 0.82000
1 23 1 5 -1518 1.32700
1 24 1 6 -1479 1.00000
1 25 1 7 -1442 0.80600
1 26 1 8 -1551 0.95600
1 27 1 9 -1535 0.94600
1 28 1 10 -1367 0.03600
1 35 2 0 -1389 0.96800
1 36 2 1 -1320 1.33200
1 37 2 2 -1434 1.29800
1 38 2 3 -1375 0.68700
1 39 2 4 -1518 0.71500
1 40 2 5 -1544 0.66500
1 41 2 6 -1523 1.00000
1 42 2 7 -1441 0.93100
1 43 2 8 -1506 1.53500
1 44 2 9 -1479 1.76800
1 45 2 10 -1561 0.65100
1 46 2 11 -1574 0.83600
1 52 3 0 -1429 0.97300
1 53 3 1 -1319 0.88500
1 54 3 2 -1355 0.96300
1 55 3 3 -1477 0.45700
1 56 3 4 -1357 0.50500
1 57 3 5 -1556 1.04000
1 58 3 6 -1361 0.76000
1 59 3 7 -1540 1.20700
1 60 3 8 -1572 0.78100
1 61 3 9 -1477 1.00000
1 62 3 10 -1596 0.64600
1 63 3 11 -1515 0.78500
1 64 3 12 -1484 0.54300
1 69 4 0 -1460 0.83500
1 70 4 1 -1370 0.83000
1 71 4 2 -1338 0.95200
1 72 4 3 -1341 0.92800
1 73 4 4 -1384 1.00000
1 74 4 5 -1475 1.62700
1 75 4 6 -1326 0.80600
1 76 4 7 -1366 0.82000
1 77 4 8 -1505 0.97200
1 78 4 9 -1582 0.53500
1 79 4 10 -1387 0.89800
1 80 4 11 -1574 1.33000
1 81 4 12 -1491 0.70900
1 82 4 13 -1585 0.60000
1 86 5 0 -1500 1.00000
1 87 5 1 -1503 0.99300
1 88 5 2 -1437 1.09100
1 89 5 3 -1440 1.04400
1 90 5 4 -1529 0.71600
1 91 5 5 -1526 0.98800
1 92 5 6 -1415 0.75200
1 93 5 7 -1441 1.02000
1 94 5 8 -1149 0.02600
1 95 5 9 -1106 0.02700
1 96 5 10 -1411 0.63300
1 97 5 11 -1429 1.07700
1 98 5 12 -1471 1.54000
1 99 5 13 -1285 1.00000
1 100 5 14 -1595 0.11300
1 103 6 0 -1304 0.30500
1 104 6 1 -1447 0.75000
1 105 6 2 -1361 0.81600
1 106 6 3 -1458 0.59700
1 107 6 4 -1528 1.00000
1 108 6 5 -1386 0.87600
1 109 6 6 -1445 1.33200
1 110 6 7 -1319 1.08600
1 111 6 8 -1469 0.81900
1 112 6 9 -1395 0.97600
1 113 6 10 -1561 0.85700
1 114 6 11 -1534 1.11500
1 115 6 12 -1469 0.37500
1 116 6 13 -1195 0.03700
1 117 6 14 -1482 0.56300
1 118 6 15 -1483 1.09600
1 120 7 0 -1583 0.94600
1 121 7 1 -1502 1.06800
1 122 7 2 -1348 1.13200
1 123 7 3 -1448 0.76100
1 124 7 4 -1462 1.01700
1 125 7 5 -1457 0.76300
1 126 7 6 -1387 0.81000
1 127 7 7 -1529 1.38000
1 128 7 8 -1444 0.85800
1 129 7 9 -1483 0.37100
1 130 7 10 -1523 0.80800
1 131 7 11 -1412 11.31800
1 132 7 12 -1411 0.41800
1 133 7 13 -1471 0.67700
1 134 7 14 -1458 0.86400
1 135 7 15 -1582 0.62100
1 136 7 16 -1557 0.45200
1 137 8 0 -1284 0.91300
1 138 8 1 -1575 0.84900
1 139 8 2 -1458 0.77600
1 140 8 3 -1493 1.01400
1 141 8 4 -1494 0.81000
1 142 8 5 -1472 1.11200
1 143 8 6 -1536 0.91900
1 144 8 7 -1461 0.71600
1 145 8 8 -1417 0.84400
1 146 8 9 -1401 0.96500
1 147 8 10 -1525 1.08100
1 148 8 11 -1443 0.39400
1 149 8 12 -1459 0.84300
1 150 8 13 -1407 0.78100
1 151 8 14 -1405 1.00000
1 152 8 15 -1455 1.18200
1 153 8 16 -1494 0.76300
1 162 9 8 -1509 0.78200
1 163 9 9 -1492 0.67900
1 164 9 10 -1423 1.00000
1 165 9 11 -1454 1.02100
1 166 9 12 -1434 1.20400
1 167 9 13 -1434 1.15200
1 168 9 14 -1568 1.76100
1 169 9 15 -1463 0.78100
1 170 9 16 -1524 0.88000
1 179 10 8 -1457 1.00000
1 180 10 9 -1446 0.33800
1 181 10 10 -1493 0.83300
1 182 10 11 -1467 3.69700
1 183 10 12 -1443 1.24200
1 184 10 13 -1489 0.78900
1 185 10 14 -1530 2.36200
1 186 10 15 -1480 1.45700
1 187 10 16 -1457 1.00000
1 196 11 8 -1516 1.00000
1 197 11 9 -1448 1.00000
1 198 11 10 -1553 0.52600
1 199 11 11 -1172 0.02000
1 200 11 12 -1512 0.42900
1 201 11 13 -1251 0.23300
1 202 11 14 -1403 0.81300
1 203 11 15 -1387 0.70100
1 204 11 16 -1482 0.57100
1 213 12 8 -1596 0.68900
1 214 12 9 -1582 0.95500
1 215 12 10 -1491 0.30600
1 216 12 11 -1502 1.00000
1 217 12 12 -1442 1.09100
1 218 12 13 -1449 1.00800
1 219 12 14 -1420 0.84700
1 220 12 15 -1479 1.32500
1 221 12 16 -1496 1.00000
1 230 13 8 -1505 0.58700
1 231 13 9 -1592 0.64200
1 232 13 10 -1526 1.00000
1 233 13 11 -1338 0.10800
1 234 13 12 -1433 0.79700
1 235 13 13 -1473 1.00000
1 236 13 14 -1454 1.00000
1 237 13 15 -1448 0.47500
1 238 13 16 -1403 0.74400
1 247 14 8 -1541 0.47500
1 248 14 9 -1459 0.94000
1 249 14 10 -1389 1.00000
1 250 14 11 -1467 0.90400
1 251 14 12 -1472 0.87400
1 252 14 13 -1278 1.00000
1 253 14 14 -1400 0.53800
1 254 14 15 -1414 0.95400
1 255 14 16 -1556 0.93400
1 264 15 8 -1491 0.68300
1 265 15 9 -1533 0.94200
1 266 15 10 -1454 1.05000
1 267 15 11 -1589 0.59400
1 268 15 12 -1549 0.86800
1 269 15 13 -1250 1.00000
1 270 15 14 -1399 0.48900
1 271 15 15 -1553 1.00000
1 272 15 16 -1465 0.84100
1 281 16 8 -1574 0.70300
1 282 16 9 -1516 0.96300
1 283 16 10 -1494 0.86700
1 284 16 11 -1480 1.00000
1 285 16 12 -1426 1.12900
1 286 16 13 -1414 0.95100
1 287 16 14 -1596 1.06900
1 288 16 15 -1470 0.94800
1 289 16 16 -1530 0.65500
1 298 17 8 -1496 0.95400
1 299 17 9 -1473 0.67900
1 300 17 10 -1354 0.44000
1 301 17 11 -1436 1.09400
1 302 17 12 -1422 0.91000
1 303 17 13 -1448 0.92000
1 304 17 14 -1352 0.83600
1 305 17 15 -1438 1.00000
1 306 17 16 -1379 0.61000
1 315 18 8 -1521 0.88700
1 316 18 9 -1535 1.06500
1 317 18 10 -1147 0.02500
1 318 18 11 -1437 0.75500
1 319 18 12 -1487 1.45300
1 320 18 13 -1479 1.00200
1 321 18 14 -1390 0.74200
1 322 18 15 -1129 0.05100
1 323 18 16 -1482 0.78900
1 332 19 8 -1437 1.04400
1 333 19 9 -1433 1.00000
1 334 19 10 -1444 0.99600
1 335 19 11 -1450 1.08300
1 336 19 12 -1514 1.00900
1 337 19 13 -1479 3.50300
1 338 19 14 -1456 1.06000
1 339 19 15 -1490 1.41300
1 340 19 16 -1388 0.76700
1 349 20 8 -1547 1.00000
1 350 20 9 -1474 0.86700
1 351 20 10 -1599 0.99300
1 352 20 11 -1558 1.00300
1 353 20 12 -1424 0.92000
1 354 20 13 -1125 0.02300
1 355 20 14 -1409 0.82700
1 356 20 15 -1491 0.95900
1 357 20 16 -1429 0.71300
1 366 21 8 -1500 5.29244
1 367 21 9 -1546 0.86000
1 368 21 10 -1533 1.04900
1 369 21 11 -1430 0.96200
1 370 21 12 -1451 0.85400
1 371 21 13 -1427 0.73100
1 372 21 14 -1400 0.54200
1 373 21 15 -1388 1.39200
1 374 21 16 -1463 0.76300
1 383 22 8 -1500 1.58100
1 384 22 9 -1527 0.74500
1 385 22 10 -1527 0.97500
1 386 22 11 -1377 0.64800
1 387 22 12 -1216 0.04100
1 388 22 13 -1419 0.93900
1 389 22 14 -1332 0.85600
1 390 22 15 -1431 1.00000
1 391 22 16 -1381 0.69400
1 400 23 8 -1511 0.79300
1 401 23 9 -1600 1.00000
1 402 23 10 -1408 0.67000
1 403 23 11 -1166 0.01600
1 404 23 12 -1386 0.72300
1 405 23 13 -1460 1.08900
1 406 23 14 -1470 1.09400
1 407 23 15 -1382 1.48200
1 408 23 16 -1501 0.54100
1 417 24 8 -1547 0.66300
1 418 24 9 -1477 1.00000
1 419 24 10 -1415 1.07400
1 420 24 11 -1335 0.62100
1 421 24 12 -1425 1.09700
1 422 24 13 -1466 1.04900
1 423 24 14 -1390 1.25200
1 424 24 15 -1368 0.98300
1 425 24 16 -1363 0.89900
1 426 25 0 -1409 1.00000
1 427 25 1 -1486 0.95100
1 428 25 2 -1526 1.00000
1 429 25 3 -1457 1.00000
1 430 25 4 -1573 1.06800
1 431 25 5 -1502 0.43600
1 432 25 6 -1557 1.28300
1 433 25 7 -1480 1.02900
1 434 25 8 -1448 0.77800
1 435 25 9 -1527 1.20700
1 436 25 10 -1455 0.96500
1 437 25 11 -1388 1.03800
1 438 25 12 -1378 1.10900
1 439 25 13 -1376 1.11100
1 440 25 14 -1298 1.12500
1 441 25 15 -1458 1.49100
1 442 25 16 -1266 0.95800
1 443 26 0 -1439 0.64600
1 444 26 1 -1494 0.95000
1 445 26 2 -1587 0.84100
1 446 26 3 -1434 1.20900
1 447 26 4 -1422 0.78900
1 448 26 5 -1433 0.84700
1 449 26 6 -1453 1.10200
1 450 26 7 -1451 0.63800
1 451 26 8 -1467 2.13700
1 452 26 9 -1308 0.85800
1 453 26 10 -1450 1.09800
1 454 26 11 -1381 0.83200
1 455 26 12 -1380 0.83000
1 456 26 13 -1335 1.41200
1 457 26 14 -1341 1.29900
1 458 26 15 -1271 1.20100
1 459 26 16 -1307 1.06800
1 460 27 0 -1525 1.05700
1 461 27 1 -1509 1.00000
1 462 27 2 -1512 0.81700
1 463 27 3 -1512 1.10100
1 464 27 4 -1593 0.70700
1 465 27 5 -1505 1.11400
1 466 27 6 -1429 0.94300
1 467 27 7 -1373 0.99700
1 468 27 8 -1392 0.17600
1 469 27 9 -1400 0.89900
1 470 27 10 -1449 1.01100
1 471 27 11 -1320 1.03000
1 472 27 12 -1288 1.00000
1 473 27 13 -1275 1.24300
1 474 27 14 -1278 0.89100
1 475 27 15 -1240 0.89900
1 477 28 0 -1503 0.85100
1 478 28 1 -1322 0.80200
1 479 28 2 -1377 1.00500
1 480 28 3 -1428 1.06200
1 481 28 4 -1381 0.85800
1 482 28 5 -1434 1.00500
1 483 28 6 -1600 1.00000
1 484 28 7 -1401 1.08500
1 485 28 8 -1281 1.27100
1 486 28 9 -1335 1.08800
1 487 28 10 -1294 1.19000
1 488 28 11 -1319 1.15500
1 489 28 12 -1267 1.08600
1 490 28 13 -1256 0.90400
1 491 28 14 -1276 1.23400
1 494 29 0 -1292 0.83400
1 495 29 1 -1321 1.06000
1 496 29 2 -1343 1.00300
1 497 29 3 -1322 1.18200
1 498 29 4 -1302 1.02500
1 499 29 5 -1302 1.24600
1 500 29 6 -1272 1.00000
1 501 29 7 -1294 1.06600
1 502 29 8 -1311 1.09500
1 503 29 9 -1319 1.34200
1 504 29 10 -1298 1.15800
1 505 29 11 -1488 3.74400
1 506 29 12 -1274 0.77300
1 507 29 13 -1583 0.92700
1 511 30 0 -1372 1.36400
1 512 30 1 -1409 1.20900
1 513 30 2 -1527 1.13000
1 514 30 3 -1415 0.94700
1 515 30 4 -1259 0.94100
1 516 30 5 -1326 1.02000
1 517 30 6 -1297 1.10900
1 518 30 7 -1297 0.92100
1 519 30 8 -1258 0.59000
1 520 30 9 -1253 0.84800
1 521 30 10 -1191 1.01600
1 522 30 11 -1201 1.21900
1 523 30 12 -1210 0.98700
1 528 31 0 -1336 1.08700
1 529 31 1 -1233 0.88400
1 530 31 2 -1308 1.15500
1 531 31 3 -1309 1.18500
1 532 31 4 -1304 1.42900
1 533 31 5 -1223 0.89900
1 534 31 6 -1250 1.37500
1 535 31 7 -1216 1.02300
1 536 31 8 -1100 0.10800
1 537 31 9 -1263 1.01600
1 538 31 10 -1199 1.50600
1 539 31 11 -1176 1.16600
1 545 32 0 -1321 1.27900
1 546 32 1 -1324 0.92000
1 547 32 2 -1277 0.97100
1 548 32 3 -1244 1.08200
1 549 32 4 -1243 1.31400
1 550 32 5 -1290 1.02400
1 551 32 6 -1246 0.93500
1 552 32 7 -1188 1.52000
1 553 32 8 -1178 1.87900
1 554 32 9 -1190 1.27300
1 555 32 10 -1054 0.75300
1 562 33 0 -1347 0.71500
1 563 33 1 -1347 0.80600
1 564 33 2 -1243 0.98700
1 565 33 3 -1235 1.00000
1 566 33 4 -826 1.00000
1 567 33 5 -1310 1.02700
1 568 33 6 -1189 1.10000
1 569 33 7 -1177 0.98500
1 570 33 8 -1191 1.05100
1 571 33 9 -1252 0.65000
2 1 0 0 -1558 1.02000
2 2 0 1 -1552 0.84500
2 3 0 2 -1491 0.86200
2 4 0 3 -1599 0.88900
2 5 0 4 -1557 1.38500
2 6 0 5 -1563 1.14700
2 7 0 6 -1431 1.77000
2 8 0 7 -1519 1.16800
2 9 0 8 -1530 0.87200
2 10 0 9 -1563 1.05400
2 18 1 0 -1366 0.98500
2 19 1 1 -1377 0.79400
2 20 1 2 -1560 1.57400
2 21 1 3 -1480 1.06600
2 22 1 4 -1495 0.91900
2 23 1 5 -1444 1.43300
2 24 1 6 -1439 1.00000
2 25 1 7 -1394 0.86800
2 26 1 8 -1539 1.00000
2 27 1 9 -1419 1.00000
2 28 1 10 -1580 1.00000
2 35 2 0 -1480 1.00000
2 36 2 1 -1372 1.14400
2 37 2 2 -1401 1.71500
2 38 2 3 -1336 1.21700
2 39 2 4 -1447 0.93700
2 40 2 5 -1570 1.05800
2 41 2 6 -1534 1.00000
2 42 2 7 -1359 0.90900
2 43 2 8 -1588 1.00000
2 44 2 9 -1510 1.00000
2 45 2 10 -1387 1.00000
2 46 2 11 -1591 1.00000
2 52 3 0 -1444 1.15200
2 53 3 1 -1353 1.23500
2 54 3 2 -1338 1.30200
2 55 3 3 -1460 1.20400
2 56 3 4 -1586 1.22700
2 57 3 5 -1553 0.96800
2 58 3 6 -1469 1.00000
2 59 3 7 -1555 0.68000
2 60 3 8 -1390 0.49400
2 61 3 9 -1423 1.00000
2 62 3 10 -1410 1.00000
2 63 3 11 -1473 1.00000
2 64 3 12 -1489 0.72100
2 69 4 0 -1459 0.75000
2 70 4 1 -1416 0.32700
2 71 4 2 -1283 0.61800
2 72 4 3 -1348 1.01900
2 73 4 4 -1391 1.01600
2 74 4 5 -1454 0.85200
2 75 4 6 -1458 0.97800
2 76 4 7 -1457 1.27400
2 77 4 8 -1389 0.61800
2 78 4 9 -1322 1.00000
2 79 4 10 -1311 0.36000
2 80 4 11 -1467 0.63200
2 81 4 12 -1500 1.00000
2 82 4 13 -1438 0.42600
2 86 5 0 -1455 0.68200
2 87 5 1 -1522 0.93900
2 88 5 2 -1473 1.18400
2 89 5 3 -1331 1.18900
2 90 5 4 -1292 0.80400
2 91 5 5 -1369 1.24100
2 92 5 6 -1482 0.94700
2 93 5 7 -1425 1.00000
2 94 5 8 -1542 0.70800
2 95 5 9 -1556 1.11700
2 96 5 10 -1547 5.13800
2 97 5 11 -1490 0.65300
2 98 5 12 -1443 0.89300
2 99 5 13 -1599 1.11500
2 100 5 14 -1375 0.71400
2 103 6 0 -1420 1.17500
2 104 6 1 -1337 0.85000
2 105 6 2 -1486 1.03900
2 106 6 3 -1465 0.63100
2 107 6 4 -1292 0.99800
2 108 6 5 -1501 1.11900
2 109 6 6 -1434 0.72800
2 110 6 7 -1530 0.70700
2 111 6 8 -1506 1.13900
2 112 6 9 -1485 5.71100
2 113 6 10 -1551 0.75400
2 114 6 11 -1590 0.76600
2 115 6 12 -1417 0.87300
2 116 6 13 -1370 3.00000
2 117 6 14 -1590 1.16500
2 118 6 15 -1412 1.47200
2 120 7 0 -1418 0.53800
2 121 7 1 -1439 0.73000
2 122 7 2 -1343 0.88200
2 123 7 3 -1477 0.45600
2 124 7 4 -1466 0.73100
2 125 7 5 -1358 0.87900
2 126 7 6 -1441 0.91700
2 127 7 7 -1429 0.87900
2 128 7 8 -1456 1.06800
2 129 7 9 -1425 0.88900
2 130 7 10 -1530 0.74300
2 131 7 11 -1486 1.00000
2 132 7 12 -1440 0.86000
2 133 7 13 -1549 1.04500
2 134 7 14 -1471 0.47500
2 135 7 15 -1534 0.87000
2 136 7 16 -1551 0.83800
2 137 8 0 -1502 1.09000
2 138 8 1 -1531 0.66300
2 139 8 2 -1400 0.82000
2 140 8 3 -1484 1.14300
2 141 8 4 -1512 0.74100
2 142 8 5 -1574 0.90100
2 143 8 6 -1504 0.77900
2 144 8 7 -1439 0.76000
2 145 8 8 -1251 0.89900
2 146 8 9 -1339 0.79700
2 147 8 10 -1422 0.94900
2 148 8 11 -1497 0.51200
2 149 8 12 -1592 1.23700
2 150 8 13 -1246 0.05500
2 151 8 14 -1241 0.07700
2 152 8 15 -1554 1.15000
2 153 8 16 -1505 1.02900
2 162 9 8 -1559 0.78100
2 163 9 9 -1566 0.55500
2 164 9 10 -1559 0.61100
2 165 9 11 -1474 0.05200
2 166 9 12 -1494 1.00000
2 167 9 13 -1468 1.15900
2 168 9 14 -1475 0.29700
2 169 9 15 -1460 1.00000
2 170 9 16 -1576 1.00300
2 179 10 8 -1496 0.69900
2 180 10 9 -1573 0.49300
2 181 10 10 -1500 1.00000
2 182 10 11 -1520 0.61100
2 183 10 12 -1507 0.76600
2 184 10 13 -1464 0.79500
2 185 10 14 -1563 1.66100
2 186 10 15 -1063 0.03200
2 187 10 16 -1568 0.80200
2 196 11 8 -1425 0.47300
2 197 11 9 -1598 1.29200
2 198 11 10 -1594 0.70000
2 199 11 11 -1555 0.73300
2 200 11 12 -1415 1.16500
2 201 11 13 -1515 0.70400
2 202 11 14 -1366 1.00000
2 203 11 15 -1529 1.66200
2 204 11 16 -1591 0.75200
2 213 12 8 -1411 1.00000
2 214 12 9 -1514 0.86700
2 215 12 10 -1593 0.61800
2 216 12 11 -1500 1.14100
2 217 12 12 -1547 1.00000
2 218 12 13 -1518 1.13600
2 219 12 14 -1443 1.00000
2 220 12 15 -1499 1.00000
2 221 12 16 -1424 1.57200
2 230 13 8 -1451 0.75100
2 231 13 9 -1520 0.64500
2 232 13 10 -1591 0.63400
2 233 13 11 -1533 0.39900
2 234 13 12 -1563 1.26200
2 235 13 13 -1586 3.10100
2 236 13 14 -1564 1.80800
2 237 13 15 -1573 1.00000
2 238 13 16 -1443 1.02700
2 247 14 8 -1435 0.63800
2 248 14 9 -1501 1.06300
2 249 14 10 -1431 1.28500
2 250 14 11 -1578 1.25800
2 251 14 12 -1509 1.00000
2 252 14 13 -1500 1.00000
2 253 14 14 -1599 1.41600
2 254 14 15 -1435 1.00000
2 255 14 16 -1580 0.97100
2 264 15 8 -1563 0.65300
2 265 15 9 -1452 0.67500
2 266 15 10 -1484 1.00000
2 267 15 11 -1543 1.07600
2 268 15 12 -1532 0.69900
2 269 15 13 -1570 1.00000
2 270 15 14 -1549 1.00000
2 271 15 15 -1569 1.30300
2 272 15 16 -1489 0.60700
2 281 16 8 -1571 0.59700
2 282 16 9 -1581 1.21300
2 283 16 10 -1448 0.78900
2 284 16 11 -1491 30.72400
2 285 16 12 -1570 0.70200
2 286 16 13 -1500 1.00000
2 287 16 14 -1484 1.00000
2 288 16 15 -1508 0.78400
2 289 16 16 -1500 1.15952
2 298 17 8 -1456 0.82100
2 299 17 9 -1443 0.71700
2 300 17 10 -1574 0.90300
2 301 17 11 -1554 0.50900
2 302 17 12 -1591 1.13900
2 303 17 13 -1450 0.47300
2 304 17 14 -1506 1.68400
2 305 17 15 -1508 0.59800
2 306 17 16 -1504 1.48900
2 315 18 8 -1479 3.20600
2 316 18 9 -1455 0.34900
2 317 18 10 -1413 1.00000
2 318 18 11 -1262 0.03800
2 319 18 12 -1578 0.77600
2 320 18 13 -1413 1.00000
2 321 18 14 -1539 0.93200
2 322 18 15 -1476 0.50600
2 323 18 16 -1495 1.11400
2 332 19 8 -1456 2.81000
2 333 19 9 -1529 1.04400
2 334 19 10 -1505 1.15300
2 335 19 11 -1544 0.44000
2 336 19 12 -1494 6.75000
2 337 19 13 -1487 0.76500
2 338 19 14 -1331 0.06300
2 339 19 15 -1550 0.78700
2 340 19 16 -1522 0.89700
2 349 20 8 -1429 1.28600
2 350 20 9 -1416 1.14200
2 351 20 10 -1559 0.64700
2 352 20 11 -1497 7.26800
2 353 20 12 -1493 1.00000
2 354 20 13 -1554 2.03300
2 355 20 14 -1533 1.00000
2 356 20 15 -1491 1.00000
2 357 20 16 -1586 0.83000
2 366 21 8 -1500 2.91600
2 367 21 9 -1592 0.71400
2 368 21 10 -1577 0.50200
2 369 21 11 -1572 1.00000
2 370 21 12 -1548 0.95200
2 371 21 13 -1504 0.82700
2 372 21 14 -1552 1.04900
2 373 21 15 -1519 0.47100
2 374 21 16 -1512 0.18100
2 383 22 8 -1500 1.00000
2 384 22 9 -1519 1.14600
2 385 22 10 -1519 0.60800
2 386 22 11 -1494 1.02100
2 387 22 12 -1518 0.69800
2 388 22 13 -1592 1.38300
2 389 22 14 -1462 0.59500
2 390 22 15 -1172 0.05600
2 391 22 16 -1536 0.63300
2 400 23 8 -1539 1.00000
2 401 23 9 -1453 1.32700
2 402 23 10 -1523 0.92500
2 403 23 11 -1497 2.91000
2 404 23 12 -1514 0.97200
2 405 23 13 -1490 1.00000
2 406 23 14 -1501 1.12800
2 407 23 15 -1479 0.46400
2 408 23 16 -1485 0.65000
2 417 24 8 -1500 0.64600
2 418 24 9 -1597 0.31700
2 419 24 10 -1546 0.96400
2 420 24 11 -1532 1.26800
2 421 24 12 -1235 0.02800
2 422 24 13 -1503 1.00000
2 423 24 14 -1461 1.00100
2 424 24 15 -1335 0.18100
2 425 24 16 -1477 1.00000
2 426 25 0 -1420 0.91800
2 427 25 1 -1418 1.00000
2 428 25 2 -1594 0.85600
2 429 25 3 -1465 1.12300
2 430 25 4 -1497 0.64600
2 431 25 5 -1588 0.77800
2 432 25 6 -1545 0.76800
2 433 25 7 -1514 0.84000
2 434 25 8 -1554 1.00000
2 435 25 9 -1550 0.94300
2 436 25 10 -1558 0.48400
2 437 25 11 -1579 0.96000
2 438 25 12 -1417 0.65200
2 439 25 13 -1473 1.00000
2 440 25 14 -1379 1.00000
2 441 25 15 -1361 1.22000
2 442 25 16 -1440 0.54600
2 443 26 0 -1597 1.13300
2 444 26 1 -1525 1.25600
2 445 26 2 -1426 2.65700
2 446 26 3 -1559 1.41800
2 447 26 4 -1493 0.96400
2 448 26 5 -1573 0.76600
2 449 26 6 -1504 0.56400
2 450 26 7 -1552 0.92300
2 451 26 8 -1491 0.81000
2 452 26 9 -1500 1.00000
2 453 26 10 -1542 1.04500
2 454 26 11 -1437 0.29400
2 455 26 12 -1451 0.49200
2 456 26 13 -1367 0.40000
2 457 26 14 -1375 0.57400
2 458 26 15 -1370 0.89800
2 459 26 16 -1368 0.42500
2 460 27 0 -1495 0.94000
2 461 27 1 -1580 1.50300
2 462 27 2 -1517 1.17600
2 463 27 3 -1533 1.58300
2 464 27 4 -1522 1.49300
2 465 27 5 -1489 0.98300
2 466 27 6 -1565 1.86900
2 467 27 7 -1504 1.63000
2 468 27 8 -1507 0.76100
2 469 27 9 -1132 1.02200
2 470 27 10 -1474 0.82800
2 471 27 11 -1431 0.88200
2 472 27 12 -1443 1.42200
2 473 27 13 -1345 0.67900
2 474 27 14 -1370 0.82200
2 475 27 15 -1120 0.06200
2 477 28 0 -1524 0.75600
2 478 28 1 -1506 1.19800
2 479 28 2 -1504 0.44600
2 480 28 3 -1459 0.81500
2 481 28 4 -1594 0.87600
2 482 28 5 -1395 1.27500
2 483 28 6 -1494 0.88100
2 484 28 7 -1492 0.98600
2 485 28 8 -1427 0.87400
2 486 28 9 -1429 1.25200
2 487 28 10 -1337 0.85200
2 488 28 11 -1189 0.03600
2 489 28 12 -1309 0.79500
2 490 28 13 -1451 0.83800
2 491 28 14 -1394 1.35200
2 494 29 0 -1434 0.99800
2 495 29 1 -1369 0.96900
2 496 29 2 -1443 0.78400
2 497 29 3 -1069 0.04600
2 498 29 4 -1308 0.55500
2 499 29 5 -1364 0.80500
2 500 29 6 -1052 0.03500
2 501 29 7 -1116 0.05800
2 502 29 8 -1579 0.97200
2 503 29 9 -1380 0.76700
2 504 29 10 -1445 1.00000
2 505 29 11 -1294 0.78800
2 506 29 12 -1263 0.76000
2 507 29 13 -1224 0.42800
2 511 30 0 -1391 1.12800
2 512 30 1 -1382 0.86700
2 513 30 2 -1447 1.15600
2 514 30 3 -1410 0.88100
2 515 30 4 -1388 1.24000
2 516 30 5 -1511 1.23100
2 517 30 6 -1396 0.80900
2 518 30 7 -1286 0.93400
2 519 30 8 -1380 0.83400
2 520 30 9 -1366 0.89000
2 521 30 10 -1063 0.03600
2 522 30 11 -1255 0.90700
2 523 30 12 -1284 0.56500
2 528 31 0 -1338 1.00400
2 529 31 1 -1376 0.96400
2 530 31 2 -1306 1.23800
2 531 31 3 -1320 1.15200
2 532 31 4 -1309 0.91200
2 533 31 5 -1334 0.94400
2 534 31 6 -1300 1.40300
2 535 31 7 -1391 1.00000
2 536 31 8 -1399 0.79900
2 537 31 9 -1210 0.42900
2 538 31 10 -1028 0.05100
2 539 31 11 -1119 0.27500
2 545 32 0 -1333 1.14800
2 546 32 1 -1275 1.20700
2 547 32 2 -1263 0.79000
2 548 32 3 -1266 1.17500
2 549 32 4 -1291 1.24000
2 550 32 5 -1227 1.22600
2 551 32 6 -1224 1.14200
2 552 32 7 -994 0.04900
2 553 32 8 -1115 0.32400
2 554 32 9 -949 0.03100
2 555 32 10 -1029 0.12300
2 562 33 0 -1236 0.84700
2 563 33 1 -1223 0.43300
2 564 33 2 -1313 0.87400
2 565 33 3 -1175 0.64100
2 566 33 4 -1277 0.96700
2 567 33 5 -1211 0.57900
2 568 33 6 -1259 0.69500
2 569 33 7 -1212 0.41100
2 570 33 8 -1071 0.22200
2 571 33 9 -1181 0.63300
