3 1 0 0 11 1.15052
3 2 0 1 94 1.12524
3 3 0 2 60 1.23994
3 4 0 3 9B 1.19730
3 5 0 4 A8 2.97207
3 6 0 5 AD 0.88700
3 7 0 6 B5 0.66167
3 8 0 7 F8 1.41115
3 9 0 8 AB 0.72500
3 10 0 9 AE 1.15981
3 11 0 10 C6 1.03320
3 12 0 11 F9 1.53596
3 13 1 0 9A 0.96459
3 14 1 1 2C 0.96316
3 15 1 2 58 1.25758
3 16 1 3 51 1.18616
3 17 1 4 5F 0.88955
3 18 1 5 B0 2.72654
3 19 1 6 82 7.16552
3 20 1 7 9B 1.00289
3 21 1 8 A4 1.09842
3 22 1 9 A2 1.16817
3 23 1 10 B8 1.01063
3 24 1 11 AD 1.17545
3 25 2 0 3C 0.88003
3 26 2 1 27 0.81965
3 27 2 2 8E 0.99992
3 28 2 3 C4 0.68147
3 29 2 4 57 2.56100
3 30 2 5 67 0.70610
3 31 2 6 65 1.76719
3 32 2 7 7D 0.86901
3 33 2 8 AE 1.01510
3 34 2 9 7E 1.12888
3 35 2 10 9B 8.62889
3 36 2 11 CA 0.68530
3 37 3 0 7C 0.87853
3 38 3 1 93 0.96673
3 39 3 2 16 1.17412
3 40 3 3 2A 0.73544
3 41 3 4 35 2.60054
3 42 3 5 49 1.00619
3 43 3 6 63 1.92193
3 44 3 7 87 1.40220
3 45 3 8 D4 4.48295
3 46 3 9 A0 1.26374
3 47 3 10 98 1.08801
3 48 3 11 9F 0.45144
3 49 4 0 2C 0.56138
3 50 4 1 2E 0.61479
3 51 4 2 3F 0.80201
3 52 4 3 9 0.70116
3 53 4 4 E9 8.75028
3 54 4 5 58 0.67356
3 55 4 6 6A 0.59236
3 56 4 7 79 0.98010
3 57 4 8 B3 1.49083
3 58 4 9 88 1.09595
3 59 4 10 B4 1.19351
3 60 4 11 D2 0.93350
3 61 5 0 1D 0.60085
3 62 5 1 19 0.44620
3 63 5 2 45 0.74371
3 64 5 3 40 0.51333
3 65 5 4 26 0.89505
3 66 5 5 55 0.27821
3 67 5 6 4C 0.94714
3 68 5 7 4F 1.14426
3 69 5 8 71 1.24324
3 70 5 9 7A 1.13838
3 71 5 10 AE 0.92552
3 72 5 11 85 1.19057
3 73 6 0 3F 0.42909
3 74 6 1 30 0.48286
3 75 6 2 7 0.61852
3 76 6 3 3 0.66008
3 77 6 4 37 0.23765
3 78 6 5 55 0.40499
3 79 6 6 30 2.44070
3 80 6 7 F7 22.99407
3 81 6 8 A4 1.40644
3 82 6 9 7A 1.12006
3 83 6 10 8D 0.88662
3 84 6 11 A0 0.98630
3 90 7 5 EC 138.78037
3 91 7 6 41 0.08647
3 92 7 7 5A 1.19316
3 93 7 8 8A 0.85970
3 94 7 9 8B 0.98967
3 95 7 10 A5 1.53647
3 96 7 11 C4 0.59541
3 102 8 5 81 0.61110
3 103 8 6 97 0.89734
3 104 8 7 B0 0.64811
3 105 8 8 7E 1.15178
3 106 8 9 58 0.97934
3 107 8 10 FE 1.37423
3 108 8 11 9B 1.12262
3 114 9 5 52 0.70317
3 115 9 6 A9 0.68465
3 116 9 7 6E 0.65179
3 117 9 8 91 0.77353
3 118 9 9 6B 0.79607
3 119 9 10 B5 0.81033
3 120 9 11 AF 0.01000
3 126 10 5 2B 0.55766
3 127 10 6 21 0.75203
3 128 10 7 F5 1.08182
3 129 10 8 21 0.62446
3 130 10 9 A9 0.71757
3 131 10 10 1C 1.01479
3 132 10 11 29 3.24600
3 138 11 5 20 0.10192
3 139 11 6 8A 0.48707
3 140 11 7 68 0.47897
3 141 11 8 A3 0.84822
3 142 11 9 47 0.71823
3 143 11 10 A0 0.67551
3 144 11 11 9A 0.90720
3 150 12 5 70 0.39382
3 151 12 6 8F 0.56141
3 152 12 7 59 0.74522
3 153 12 8 7C 1.07470
3 154 12 9 CC 0.94736
3 155 12 10 D7 1.00000
3 156 12 11 F5 5.55222
3 162 13 5 C7 0.45571
3 163 13 6 2E 0.63189
3 164 13 7 66 0.66050
3 165 13 8 99 1.02202
3 166 13 9 AF 1.32556
3 167 13 10 10 0.94525
3 168 13 11 69 1.81151
3 174 14 5 90 0.49146
3 175 14 6 B3 0.48636
3 176 14 7 6D 0.65988
3 177 14 8 75 0.91878
3 178 14 9 C8 0.98980
3 179 14 10 DA 1.00000
3 180 14 11 EF 2.25838
3 186 15 5 E2 0.75302
3 187 15 6 FE 0.71876
3 188 15 7 C4 0.96583
3 189 15 8 98 1.74990
3 190 15 9 53 0.87347
3 191 15 10 37 0.81385
3 192 15 11 81 1.11378
3 198 16 5 FF 1.00000
3 199 16 6 D7 0.40862
3 200 16 7 84 0.58220
3 201 16 8 86 1.12820
3 202 16 9 A4 0.87646
3 203 16 10 EF 13.03945
3 204 16 11 54 0.25619
3 205 17 0 EF 0.37926
3 206 17 1 D0 0.29440
3 207 17 2 E4 0.61471
3 208 17 3 EB 0.60274
3 209 17 4 58 0.01000
3 210 17 5 FF 1.00000
3 211 17 6 BA 0.77380
3 212 17 7 AF 0.75508
3 213 17 8 C7 1.01147
3 214 17 9 95 0.91249
3 215 17 10 BB 0.89798
3 216 17 11 BE 0.99756
3 217 18 0 DA 0.73013
3 218 18 1 ED 0.65274
3 219 18 2 EB 1.08412
3 220 18 3 D7 0.78162
3 221 18 4 FA 1.90058
3 222 18 5 F4 14.68346
3 223 18 6 E6 1.08721
3 224 18 7 CC 1.76875
3 225 18 8 C0 1.34431
3 226 18 9 AC 1.16071
3 227 18 10 98 1.23658
3 228 18 11 95 1.14791
3 229 19 0 D2 0.98085
3 230 19 1 ED 2.71589
3 231 19 2 F0 0.98378
3 232 19 3 FE 1.00000
3 233 19 4 BD 0.61454
3 234 19 5 CA 0.49592
3 235 19 6 B7 1.02090
3 236 19 7 D8 1.17000
3 237 19 8 C0 0.99499
3 238 19 9 9D 0.99584
3 239 19 10 C5 1.53125
3 240 19 11 81 1.07980
3 241 20 0 EA 0.66512
3 242 20 1 EB 0.68316
3 243 20 2 D8 0.88954
3 244 20 3 D1 0.70327
3 245 20 4 C5 0.91176
3 246 20 5 F0 0.97590
3 247 20 6 A9 0.93206
3 248 20 7 AA 1.24014
3 249 20 8 F5 0.87561
3 250 20 9 D3 0.92308
3 251 20 10 9E 0.99166
3 252 20 11 B9 1.20352
3 253 21 0 E5 0.59822
3 254 21 1 FD 0.97060
3 255 21 2 94 0.79283
3 256 21 3 F1 1.22645
3 257 21 4 A2 1.49471
3 258 21 5 AF 0.91908
3 259 21 6 B2 1.00310
3 260 21 7 A7 1.11887
3 261 21 8 95 0.88059
3 262 21 9 E2 1.07559
3 263 21 10 C2 1.17288
3 264 21 11 A2 1.11177
3 265 22 0 DF 0.83070
3 266 22 1 FB 1.95129
3 267 22 2 45 0.60116
3 268 22 3 D9 0.90447
3 269 22 4 D8 53.57732
3 270 22 5 BA 0.83867
3 271 22 6 A2 1.47387
3 272 22 7 D8 0.91709
3 273 22 8 C8 0.57256
3 274 22 9 EB 0.89775
3 275 22 10 CD 1.09085
3 276 22 11 8F 1.11502
3 277 23 0 AC 0.90589
3 278 23 1 CB 1.19655
3 279 23 2 99 0.79704
3 280 23 3 DD 0.82113
3 281 23 4 A1 1.64796
3 282 23 5 AB 1.24774
3 283 23 6 9B 3.37760
3 284 23 7 C8 1.85139
3 285 23 8 D1 3.15990
3 286 23 9 C0 1.53069
3 287 23 10 F4 10.58205
3 288 23 11 21 0.09985
4 1 0 0 9B 1.33334
4 2 0 1 5A 1.55794
4 3 0 2 BF 1.10106
4 4 0 3 5B 1.34837
4 5 0 4 E5 5.27711
4 6 0 5 30 2.28570
4 7 0 6 C1 2.87700
4 8 0 7 F2 1.35254
4 9 0 8 B6 1.35004
4 10 0 9 81 0.25040
4 11 0 10 F4 2.23479
4 12 0 11 87 0.60930
4 13 1 0 25 0.86400
4 14 1 1 79 1.76468
4 15 1 2 7A 1.28154
4 16 1 3 63 1.29565
4 17 1 4 6E 1.01880
4 18 1 5 70 3.82502
4 19 1 6 83 0.86190
4 20 1 7 A4 1.02586
4 21 1 8 88 0.85787
4 22 1 9 95 1.25726
4 23 1 10 B9 1.08950
4 24 1 11 F3 0.83117
4 25 2 0 55 5.93832
4 26 2 1 4E 1.45366
4 27 2 2 33 1.39797
4 28 2 3 2C 0.80223
4 29 2 4 7D 1.03836
4 30 2 5 AB 1.70584
4 31 2 6 47 1.05331
4 32 2 7 A8 1.33733
4 33 2 8 8D 1.27360
4 34 2 9 94 0.94441
4 35 2 10 AD 0.94522
4 36 2 11 A8 0.99323
4 37 3 0 5E 1.11072
4 38 3 1 12 0.98968
4 39 3 2 26 4.18838
4 40 3 3 A9 1.26166
4 41 3 4 50 0.86632
4 42 3 5 6B 0.96812
4 43 3 6 8B 1.40241
4 44 3 7 83 1.21758
4 45 3 8 A7 1.13954
4 46 3 9 81 1.54145
4 47 3 10 9E 1.05936
4 48 3 11 9E 1.04957
4 49 4 0 BD 0.75636
4 50 4 1 2 0.89507
4 51 4 2 93 0.82158
4 52 4 3 7A 1.42663
4 53 4 4 46 0.81025
4 54 4 5 51 1.06506
4 55 4 6 59 1.04871
4 56 4 7 7E 1.41316
4 57 4 8 A2 1.54089
4 58 4 9 F4 1.00000
4 59 4 10 B0 1.37400
4 60 4 11 8F 1.26471
4 61 5 0 F 0.49457
4 62 5 1 4 0.47473
4 63 5 2 38 0.69728
4 64 5 3 3E 0.83578
4 65 5 4 27 1.14948
4 66 5 5 5B 1.22359
4 67 5 6 5D 0.96503
4 68 5 7 AF 1.58304
4 69 5 8 83 1.09237
4 70 5 9 CB 1.31643
4 71 5 10 9C 1.18084
4 72 5 11 B0 0.83898
4 73 6 0 2B 0.47003
4 74 6 1 40 0.54876
4 75 6 2 38 0.50737
4 76 6 3 21 0.35037
4 77 6 4 96 1.15134
4 78 6 5 43 0.42504
4 79 6 6 71 0.90805
4 80 6 7 FC 3.64100
4 81 6 8 B1 1.43702
4 82 6 9 98 1.19442
4 83 6 10 8C 0.15400
4 84 6 11 B3 1.05393
4 90 7 5 4B 0.80316
4 91 7 6 47 0.98697
4 92 7 7 99 2.43892
4 93 7 8 9A 1.32539
4 94 7 9 C0 1.15264
4 95 7 10 BE 0.80390
4 96 7 11 F0 1.06729
4 102 8 5 50 0.51072
4 103 8 6 79 0.57160
4 104 8 7 B7 2.25683
4 105 8 8 BD 0.98157
4 106 8 9 7B 1.56370
4 107 8 10 7F 1.43800
4 108 8 11 CB 0.96219
4 114 9 5 4E 0.39479
4 115 9 6 96 0.64843
4 116 9 7 DC 2.02119
4 117 9 8 BD 1.44467
4 118 9 9 9C 1.45484
4 119 9 10 60 1.69723
4 120 9 11 92 1.11258
4 126 10 5 4C 0.45407
4 127 10 6 1E 0.49421
4 128 10 7 B7 1.21384
4 129 10 8 75 0.95962
4 130 10 9 8D 1.05709
4 131 10 10 79 0.99950
4 132 10 11 D5 1.39128
4 138 11 5 51 0.35662
4 139 11 6 42 0.66375
4 140 11 7 DE 1.52041
4 141 11 8 7C 1.21892
4 142 11 9 9E 1.13044
4 143 11 10 A9 1.25290
4 144 11 11 B8 0.91335
4 150 12 5 AD 0.56511
4 151 12 6 93 0.61364
4 152 12 7 CC 0.96609
4 153 12 8 95 1.10094
4 154 12 9 A4 1.56327
4 155 12 10 8E 1.05600
4 156 12 11 8D 0.93038
4 162 13 5 8C 0.44563
4 163 13 6 12 0.63031
4 164 13 7 E3 0.99987
4 165 13 8 CB 0.99158
4 166 13 9 C1 1.24602
4 167 13 10 72 1.48233
4 168 13 11 97 1.15174
4 174 14 5 B0 0.56724
4 175 14 6 DD 1.01603
4 176 14 7 D7 2.05560
4 177 14 8 9B 0.94095
4 178 14 9 FC 1.41034
4 179 14 10 9E 1.37279
4 180 14 11 B2 1.07212
4 186 15 5 CA 0.57415
4 187 15 6 DD 1.07327
4 188 15 7 E8 2.45520
4 189 15 8 F8 4.50906
4 190 15 9 B7 1.04692
4 191 15 10 B3 0.84058
4 192 15 11 6E 0.75116
4 198 16 5 FF 1.00000
4 199 16 6 A4 0.95650
4 200 16 7 8E 0.88875
4 201 16 8 D5 1.51164
4 202 16 9 C7 1.22977
4 203 16 10 FD 78.40498
4 204 16 11 DC 2.05130
4 205 17 0 FF 1.00000
4 206 17 1 D1 0.91403
4 207 17 2 D3 1.62154
4 208 17 3 D7 2.60271
4 209 17 4 F3 15.22720
4 210 17 5 EC 2.33199
4 211 17 6 EE 0.68869
4 212 17 7 F2 1.11792
4 213 17 8 B9 1.05821
4 214 17 9 C6 1.33207
4 215 17 10 AE 1.46958
4 216 17 11 BF 0.67330
4 217 18 0 10 0.57467
4 218 18 1 F0 1.53662
4 219 18 2 E1 17.32866
4 220 18 3 D4 3.68160
4 221 18 4 F9 21.43455
4 222 18 5 F1 21.33649
4 223 18 6 A6 0.96746
4 224 18 7 A5 1.20878
4 225 18 8 C7 1.18602
4 226 18 9 B3 1.10382
4 227 18 10 CC 1.21155
4 228 18 11 EB 1.05986
4 229 19 0 DD 2.85471
4 230 19 1 DD 2.13961
4 231 19 2 E2 2.15069
4 232 19 3 F1 19.34300
4 233 19 4 F7 1.52692
4 234 19 5 BE 0.67044
4 235 19 6 D8 2.95280
4 236 19 7 E4 0.92844
4 237 19 8 DA 1.26965
4 238 19 9 B0 1.18126
4 239 19 10 E2 1.08891
4 240 19 11 BE 1.24666
4 241 20 0 FF 41.37459
4 242 20 1 D6 38.37048
4 243 20 2 E9 2.17192
4 244 20 3 FA 2.90966
4 245 20 4 F2 65.81753
4 246 20 5 E8 1.18763
4 247 20 6 B7 1.06641
4 248 20 7 C8 0.95455
4 249 20 8 DA 2.30632
4 250 20 9 D7 1.23568
4 251 20 10 9C 1.21011
4 252 20 11 C3 1.07055
4 253 21 0 DF 1.84240
4 254 21 1 DC 10.88952
4 255 21 2 86 1.14019
4 256 21 3 D4 7.76918
4 257 21 4 A3 0.87190
4 258 21 5 E1 1.25307
4 259 21 6 E4 1.25303
4 260 21 7 B4 1.33740
4 261 21 8 AE 1.14724
4 262 21 9 F5 1.46878
4 263 21 10 B7 0.79815
4 264 21 11 C5 0.77525
4 265 22 0 F5 1.74560
4 266 22 1 F1 1.63620
4 267 22 2 ED 7.32502
4 268 22 3 BE 1.73835
4 269 22 4 CD 2.13932
4 270 22 5 CD 0.79362
4 271 22 6 BB 0.98975
4 272 22 7 D7 1.15421
4 273 22 8 BD 1.16933
4 274 22 9 B3 1.04936
4 275 22 10 A8 0.93668
4 276 22 11 AF 0.76353
4 277 23 0 B0 1.83031
4 278 23 1 B7 2.10971
4 279 23 2 A9 1.48453
4 280 23 3 64 1.52772
4 281 23 4 F7 4.10183
4 282 23 5 A7 1.15161
4 283 23 6 CC 11.94781
4 284 23 7 3E 0.62615
4 285 23 8 90 1.55830
4 286 23 9 AD 0.92130
4 287 23 10 F8 1.97110
4 288 23 11 AB 0.87041
