7005 0 7
7005 0 8
7005 0 15
7005 1 7
7005 1 8
7005 1 15
7005 2 7
7005 2 8
7005 2 15
7005 3 7
7005 3 8
7005 3 15
7005 4 7
7005 4 8
7005 4 15
7005 5 7
7005 5 8
7005 5 15
7005 6 7
7005 6 8
7005 6 15
7005 7 0
7005 7 1
7005 7 2
7005 7 3
7005 7 4
7005 7 5
7005 7 6
7005 7 7
7005 7 8
7005 7 9
7005 7 10
7005 7 11
7005 7 12
7005 7 13
7005 7 14
7005 7 15
7005 8 7
7005 8 8
7005 8 15
7005 9 7
7005 9 8
7005 9 15
7005 10 7
7005 10 8
7005 10 15
7005 11 7
7005 11 8
7005 11 15
7005 12 4
7005 12 8
7005 12 15
7005 13 7
7005 13 8
7005 13 15
7005 14 7
7005 14 8
7005 14 15
7005 15 15
7006 0 7
7006 0 8
7006 0 15
7006 1 7
7006 1 8
7006 1 15
7006 2 7
7006 2 8
7006 2 13
7006 2 15
7006 3 7
7006 3 8
7006 3 15
7006 4 7
7006 4 8
7006 4 15
7006 5 7
7006 5 8
7006 5 15
7006 6 7
7006 6 8
7006 6 15
7006 7 7
7006 7 8
7006 7 15
7006 8 7
7006 8 8
7006 8 15
7006 9 7
7006 9 8
7006 9 15
7006 10 7
7006 10 8
7006 10 15
7006 11 7
7006 11 8
7006 11 15
7006 12 7
7006 12 8
7006 12 15
7006 13 7
7006 13 8
7006 13 15
7006 14 7
7006 14 8
7006 14 15
7006 15 3
7006 15 4
7006 15 5
7006 15 6
7006 15 7
7006 15 8
7006 15 9
7006 15 10
7006 15 11
7006 15 12
7006 15 13
7006 15 14
7006 15 15
7007 0 7
7007 0 8
7007 0 15
7007 1 7
7007 1 8
7007 1 15
7007 2 7
7007 2 8
7007 2 15
7007 3 7
7007 3 8
7007 3 15
7007 4 7
7007 4 8
7007 4 15
7007 5 7
7007 5 8
7007 5 15
7007 6 7
7007 6 8
7007 6 15
7007 7 2
7007 7 7
7007 7 15
7007 8 7
7007 8 8
7007 8 15
7007 9 7
7007 9 8
7007 9 15
7007 10 7
7007 10 8
7007 10 15
7007 11 3
7007 11 7
7007 11 8
7007 12 0
7007 12 6
7007 12 7
7007 13 7
7007 13 8
7007 13 15
7007 14 7
7007 14 8
7007 14 15
7007 15 2
7007 15 3
7007 15 4
7007 15 5
7007 15 6
7007 15 7
7007 15 8
7007 15 9
7007 15 10
7007 15 11
7007 15 12
7007 15 13
7007 15 14
7007 15 15
7008 0 7
7008 0 8
7008 0 15
7008 1 7
7008 1 8
7008 1 15
7008 2 7
7008 2 8
7008 2 13
7008 2 15
7008 3 7
7008 3 8
7008 3 15
7008 4 7
7008 4 8
7008 4 15
7008 5 7
7008 5 8
7008 5 13
7008 6 7
7008 6 8
7008 6 11
7008 6 15
7008 7 7
7008 7 8
7008 7 15
7008 8 7
7008 8 8
7008 8 15
7008 9 7
7008 9 8
7008 9 15
7008 10 7
7008 10 8
7008 10 15
7008 11 7
7008 11 8
7008 11 15
7008 12 7
7008 12 8
7008 12 15
7008 13 7
7008 13 8
7008 13 15
7008 14 1
7008 14 8
7008 14 15
7008 15 3
7008 15 4
7008 15 5
7008 15 6
7008 15 7
7008 15 8
7008 15 9
7008 15 10
7008 15 11
7008 15 12
7008 15 13
7008 15 14
