1 1 0 0 -1600 36179.90750
1 2 0 1 -1600 40.98547
1 3 0 2 -1600 435729.43696
1 4 0 3 -1600 101.25565
1 5 0 4 -1600 177.63644
1 6 0 5 -1600 14140.92753
1 7 0 6 -1540 53.46177
1 8 0 7 -1600 4964.47200
1 9 0 8 0 0.00000
1 10 0 9 0 0.00000
1 18 1 0 -1439 0.59585
1 19 1 1 -1422 0.52889
1 20 1 2 -1399 0.41678
1 21 1 3 -1178 0.05279
1 22 1 4 -1486 0.88588
1 23 1 5 -1686 4.19632
1 24 1 6 -1527 1.23611
1 25 1 7 -1600 2116966.83768
1 26 1 8 -1600 52857.45753
1 27 1 9 -1513 8.80946
1 28 1 10 0 0.00000
1 35 2 0 -1240 0.09737
1 36 2 1 -1323 0.21285
1 37 2 2 -1342 0.25823
1 38 2 3 -1308 0.18819
1 39 2 4 -1464 0.73919
1 40 2 5 -1370 0.32690
1 41 2 6 -1297 0.17085
1 42 2 7 -1452 0.67921
1 43 2 8 -1469 0.74972
1 44 2 9 -1445 1.05922
1 45 2 10 -1600 12233277.73820
1 46 2 11 -1483 14.74571
1 52 3 0 -1499 0.97286
1 53 3 1 -1217 0.07735
1 54 3 2 -1232 0.08878
1 55 3 3 -1380 0.35858
1 56 3 4 -1257 0.11583
1 57 3 5 -1370 0.32477
1 58 3 6 -1385 0.37428
1 59 3 7 -1308 0.18675
1 60 3 8 -1691 4.66457
1 61 3 9 -1526 1.23775
1 62 3 10 -1600 3970054.34326
1 63 3 11 -1598 132.07348
1 64 3 12 -1600 12124231.46590
1 69 4 0 -1434 0.57527
1 70 4 1 -1404 0.44787
1 71 4 2 -1308 0.18528
1 72 4 3 -1509 1.09262
1 73 4 4 -1436 0.64045
1 74 4 5 -1257 0.11404
1 75 4 6 -1320 0.20975
1 76 4 7 -1477 0.89921
1 77 4 8 -1376 0.34883
1 78 4 9 -1665 3.58372
1 79 4 10 -1314 0.19794
1 80 4 11 -1385 0.75003
1 81 4 12 -1548 47.09309
1 82 4 13 -1600 623483.70966
1 86 5 0 -1542 1.40178
1 87 5 1 -1242 0.09921
1 88 5 2 -1337 0.24364
1 89 5 3 -1278 0.14080
1 90 5 4 -1436 0.58298
1 91 5 5 -1365 0.31705
1 92 5 6 -1565 1.67730
1 93 5 7 -1519 1.17765
1 94 5 8 -1364 0.31561
1 95 5 9 -1574 1.80937
1 96 5 10 -1451 0.66416
1 97 5 11 -1554 1.55115
1 98 5 12 -1533 1.31498
1 99 5 13 -1331 1.49958
1 100 5 14 -1600 250723712.62200
1 103 6 0 -1350 0.27016
1 104 6 1 -1239 0.09730
1 105 6 2 -1270 0.13011
1 106 6 3 -1207 0.07092
1 107 6 4 -1251 0.10839
1 108 6 5 -1360 0.30555
1 109 6 6 -1656 3.32455
1 110 6 7 -1493 0.94718
1 111 6 8 -1476 0.80909
1 112 6 9 -1404 0.44622
1 113 6 10 -1610 4.73413
1 114 6 11 -1576 1.85071
1 115 6 12 -1558 1.60121
1 116 6 13 -1530 1.26489
1 117 6 14 -1559 1.59928
1 118 6 15 -1600 3815.86212
1 120 7 0 -1388 0.77998
1 121 7 1 -1399 0.42776
1 122 7 2 -1410 0.46614
1 123 7 3 -1475 0.81560
1 124 7 4 -1433 0.56636
1 125 7 5 -1422 0.51145
1 126 7 6 -1524 1.22340
1 127 7 7 -1454 0.67679
1 128 7 8 -1376 0.34871
1 129 7 9 -1358 0.29530
1 130 7 10 -1600 286281.14764
1 131 7 11 -1677 136.39981
1 132 7 12 -1600 2.81860
1 133 7 13 -1627 93.20034
1 134 7 14 -1623 16.71463
1 135 7 15 -1600 975461.43375
1 136 7 16 -1600 13214337.83420
1 137 8 0 -1668 3.62441
1 138 8 1 -1623 2.58614
1 139 8 2 -1473 0.78671
1 140 8 3 -1339 0.24680
1 141 8 4 -1471 0.78848
1 142 8 5 -1557 1.58635
1 143 8 6 -1510 1.08455
1 144 8 7 -1453 0.67230
1 145 8 8 -1454 0.67498
1 146 8 9 -1602 2.24922
1 147 8 10 -1447 0.63756
1 148 8 11 -1414 0.48499
1 149 8 12 -1364 0.30744
1 150 8 13 -1458 0.71476
1 151 8 14 -1405 0.44884
1 152 8 15 -1439 0.59454
1 153 8 16 -1600 5896080.75595
1 162 9 8 -1592 2.06742
1 163 9 9 -1557 1.58964
1 164 9 10 -1426 0.54055
1 165 9 11 -1610 2.40093
1 166 9 12 -1438 0.59945
1 167 9 13 -1540 1.37022
1 168 9 14 -1531 31.43831
1 169 9 15 -1641 10.12346
1 170 9 16 -1600 87343502.58040
1 179 10 8 -1601 2.20306
1 180 10 9 -1622 2.60670
1 181 10 10 -1544 1.44439
1 182 10 11 -1582 1.91084
1 183 10 12 -1599 2.19840
1 184 10 13 -1567 1.71801
1 185 10 14 -1458 0.71022
1 186 10 15 -1569 1.72580
1 187 10 16 -1600 25963334.17070
1 196 11 8 -1665 7.20499
1 197 11 9 -1535 1.32302
1 198 11 10 -1692 4.37352
1 199 11 11 -1603 2.24596
1 200 11 12 -1553 1.52622
1 201 11 13 -1623 2.62040
1 202 11 14 -1338 0.24411
1 203 11 15 -1537 1.34926
1 204 11 16 -1600 23257795.46130
1 213 12 8 -1664 3.55490
1 214 12 9 -1515 1.12942
1 215 12 10 -1534 1.33361
1 216 12 11 -1406 0.45706
1 217 12 12 -1431 0.55831
1 218 12 13 -1463 0.73199
1 219 12 14 -1557 1.57520
1 220 12 15 -1629 2.75341
1 221 12 16 -1600 6150.41068
1 230 13 8 -1614 2.44368
1 231 13 9 -1545 1.42177
1 232 13 10 -1467 0.74576
1 233 13 11 -1456 0.70221
1 234 13 12 -1620 5.12045
1 235 13 13 -1439 0.60770
1 236 13 14 -1450 0.66416
1 237 13 15 -1413 0.48301
1 238 13 16 -1600 39128634.24350
1 247 14 8 -1528 9.93729
1 248 14 9 -1553 1.54506
1 249 14 10 -1458 0.71202
1 250 14 11 -1435 0.58421
1 251 14 12 -1531 1.28477
1 252 14 13 -1695 4.49026
1 253 14 14 -1500 1.00353
1 254 14 15 -1523 1.21436
1 255 14 16 -1600 30105.38055
1 264 15 8 -1689 4.22170
1 265 15 9 -1546 1.44768
1 266 15 10 -1524 1.20329
1 267 15 11 -1382 0.36833
1 268 15 12 -1533 1.32712
1 269 15 13 -1488 0.89879
1 270 15 14 -1586 1.99759
1 271 15 15 -1522 1.20973
1 272 15 16 -1600 1940.24493
1 281 16 8 -1463 0.73492
1 282 16 9 -1529 10.08144
1 283 16 10 -1430 0.56146
1 284 16 11 -1460 0.72560
1 285 16 12 -1474 0.81219
1 286 16 13 -1356 0.29110
1 287 16 14 -1467 0.76137
1 288 16 15 -1502 1.01663
1 289 16 16 -1600 49183684.83130
1 298 17 8 -1664 7.06948
1 299 17 9 -1507 1.07327
1 300 17 10 -1631 2.77145
1 301 17 11 -1499 0.99409
1 302 17 12 -1399 0.42576
1 303 17 13 -1401 0.43649
1 304 17 14 -1348 0.27242
1 305 17 15 -1400 0.43283
1 306 17 16 -1600 3644115.13939
1 315 18 8 -1680 7.94566
1 316 18 9 -1601 2.19673
1 317 18 10 -1666 3.54699
1 318 18 11 -1427 0.53913
1 319 18 12 -1450 0.66663
1 320 18 13 -1605 2.29827
1 321 18 14 -1414 0.47922
1 322 18 15 -1567 1.71386
1 323 18 16 -1600 116.70899
1 332 19 8 -1605 2.29800
1 333 19 9 -1442 0.62058
1 334 19 10 -1437 0.59910
1 335 19 11 -1654 3.33106
1 336 19 12 -1292 0.16045
1 337 19 13 -1597 2.13601
1 338 19 14 -1382 0.36926
1 339 19 15 -1418 0.50228
1 340 19 16 -1449 0.89751
1 349 20 8 -1583 1.93919
1 350 20 9 -1648 3.16242
1 351 20 10 -1375 0.34101
1 352 20 11 -1265 0.12311
1 353 20 12 -1324 0.21633
1 354 20 13 -1517 1.14755
1 355 20 14 -1293 0.16343
1 356 20 15 -1602 2.26881
1 357 20 16 -1600 144.81364
1 366 21 8 -1503 1.02310
1 367 21 9 -1332 0.23149
1 368 21 10 -1616 2.47581
1 369 21 11 -1386 0.37732
1 370 21 12 -1313 0.19510
1 371 21 13 -1600 389.92819
1 372 21 14 -1426 0.54213
1 373 21 15 -1456 0.70274
1 374 21 16 -1600 3383.13064
1 383 22 8 -1414 0.48897
1 384 22 9 -1270 0.13103
1 385 22 10 -1448 0.65277
1 386 22 11 -1542 1.40767
1 387 22 12 -1327 0.22821
1 388 22 13 -1333 0.23664
1 389 22 14 -1478 0.82835
1 390 22 15 -1464 0.74537
1 391 22 16 -1384 0.08129
1 400 23 8 -1580 1.91909
1 401 23 9 -1494 0.94331
1 402 23 10 -1372 0.33290
1 403 23 11 -1375 0.34243
1 404 23 12 -1151 0.03981
1 405 23 13 -1407 0.45524
1 406 23 14 -1279 0.14221
1 407 23 15 -1527 1.24584
1 408 23 16 -1464 5.73922
1 417 24 8 -1417 0.49482
1 418 24 9 -1276 0.13906
1 419 24 10 -1385 0.37916
1 420 24 11 -1592 2.23870
1 421 24 12 -1388 0.38948
1 422 24 13 -1519 1.16522
1 423 24 14 -1310 0.18974
1 424 24 15 -1427 0.53733
1 425 24 16 -1600 11147076.49510
1 426 25 0 -1532 1.30364
1 427 25 1 -1608 4.74488
1 428 25 2 -1680 3.99146
1 429 25 3 -1677 3.93397
1 430 25 4 -1679 3.98245
1 431 25 5 -1530 1.26195
1 432 25 6 -1687 4.19303
1 433 25 7 -1549 1.48298
1 434 25 8 -1384 0.37918
1 435 25 9 -1535 1.32042
1 436 25 10 -1428 0.54269
1 437 25 11 -1416 0.49242
1 438 25 12 -1338 0.24604
1 439 25 13 -1231 0.08872
1 440 25 14 -1535 1.31505
1 441 25 15 -1318 0.20266
1 442 25 16 -1403 1.06337
1 443 26 0 -1612 2.43206
1 444 26 1 -1629 2.74075
1 445 26 2 -1406 0.45160
1 446 26 3 -1495 0.96319
1 447 26 4 -1377 0.34728
1 448 26 5 -1525 1.21005
1 449 26 6 -1600 76.04843
1 450 26 7 -1535 1.33109
1 451 26 8 -1371 0.33393
1 452 26 9 -1259 0.11638
1 453 26 10 -1259 0.11748
1 454 26 11 -1356 0.29190
1 455 26 12 -1381 0.36940
1 456 26 13 -1365 0.31270
1 457 26 14 -1392 0.40048
1 458 26 15 -1381 0.36158
1 459 26 16 -1600 343.35035
1 460 27 0 -1546 1.44528
1 461 27 1 -1293 0.16022
1 462 27 2 -1403 0.44254
1 463 27 3 -1510 1.06788
1 464 27 4 -1330 0.23019
1 465 27 5 -1439 0.61012
1 466 27 6 -1416 0.49271
1 467 27 7 -1385 0.37765
1 468 27 8 -1318 0.20369
1 469 27 9 -1483 0.85004
1 470 27 10 -1326 0.22490
1 471 27 11 -1197 0.06339
1 472 27 12 -1181 0.05383
1 473 27 13 -1324 0.21497
1 474 27 14 -1600 76.39322
1 475 27 15 -1504 6.41884
1 477 28 0 -1196 0.06283
1 478 28 1 -1428 0.54474
1 479 28 2 -1189 0.05819
1 480 28 3 -1332 0.23647
1 481 28 4 -1264 0.12364
1 482 28 5 -1415 0.48847
1 483 28 6 -1600 70.34774
1 484 28 7 -1155 0.04163
1 485 28 8 -1529 1.25499
1 486 28 9 -1211 0.07175
1 487 28 10 -1191 0.05953
1 488 28 11 -1207 0.06970
1 489 28 12 -1256 0.11548
1 490 28 13 -1466 0.74279
1 491 28 14 -1583 65.61996
1 494 29 0 -1436 0.59317
1 495 29 1 -1492 0.93908
1 496 29 2 -1286 0.15223
1 497 29 3 -1226 0.08475
1 498 29 4 -1402 0.43885
1 499 29 5 -1202 0.06719
1 500 29 6 -1289 0.15611
1 501 29 7 -1202 0.06662
1 502 29 8 -1335 0.23978
1 503 29 9 -1362 0.30793
1 504 29 10 -1194 0.06223
1 505 29 11 -1402 0.87735
1 506 29 12 -1566 1.70025
1 507 29 13 -1565 24.30130
1 511 30 0 -1323 0.21632
1 512 30 1 -1356 0.28441
1 513 30 2 -1185 0.05504
1 514 30 3 -1304 0.17743
1 515 30 4 -1262 0.11975
1 516 30 5 -1310 0.18894
1 517 30 6 -1268 0.13006
1 518 30 7 -1345 0.26693
1 519 30 8 -1300 0.17197
1 520 30 9 -1414 0.48633
1 521 30 10 -1200 0.06551
1 522 30 11 -1600 70.52583
1 523 30 12 -662 0.00000
1 528 31 0 -1600 76.57276
1 529 31 1 -1241 0.09727
1 530 31 2 -1209 0.07137
1 531 31 3 -1193 0.06092
1 532 31 4 -1236 0.09355
1 533 31 5 -1391 0.39336
1 534 31 6 -1307 0.18723
1 535 31 7 -1275 0.13816
1 536 31 8 -1186 0.05698
1 537 31 9 -1378 0.35033
1 538 31 10 -1377 0.35336
1 539 31 11 -1206 0.00044
1 545 32 0 -1209 0.07199
1 546 32 1 -1328 0.22480
1 547 32 2 -1336 0.24737
1 548 32 3 -1470 0.78625
1 549 32 4 -1071 0.11779
1 550 32 5 -1223 0.21557
1 551 32 6 -1373 0.33830
1 552 32 7 -1280 0.14247
1 553 32 8 -1193 0.06071
1 554 32 9 -1265 0.12563
1 555 32 10 -1309 0.01915
1 562 33 0 -1385 0.21846
1 563 33 1 -1222 0.00069
1 564 33 2 -1368 0.29340
1 565 33 3 -1206 0.00026
1 566 33 4 -1120 0.00004
1 567 33 5 -1428 1.73521
1 568 33 6 -1409 1.28790
1 569 33 7 -1347 0.32218
1 570 33 8 -1232 0.00225
1 571 33 9 -1291 0.03574
2 1 0 0 -1600 38175.33405
2 2 0 1 -1600 270691.09344
2 3 0 2 -1600 12235121.44470
2 4 0 3 -1600 60467.46548
2 5 0 4 -1600 985167.04112
2 6 0 5 -1600 625865.92894
2 7 0 6 -1600 10328574.85440
2 8 0 7 -1600 102726.98869
2 9 0 8 -1600 31487.59021
2 10 0 9 -1600 28336026.75130
2 18 1 0 -1367 0.31749
2 19 1 1 -1260 0.11970
2 20 1 2 -1254 0.11311
2 21 1 3 -1269 0.12960
2 22 1 4 -1265 0.12340
2 23 1 5 -1446 0.63298
2 24 1 6 -1599 2.18575
2 25 1 7 -1304 0.18043
2 26 1 8 -1488 0.90484
2 27 1 9 -1454 0.67927
2 28 1 10 -1600 39.20265
2 35 2 0 -1600 70.61730
2 36 2 1 -1401 0.43599
2 37 2 2 -1578 9.02128
2 38 2 3 -1369 0.33270
2 39 2 4 -1294 0.16483
2 40 2 5 -1347 0.27043
2 41 2 6 -1554 1.55903
2 42 2 7 -1395 0.40808
2 43 2 8 -1285 0.15131
2 44 2 9 -1604 2.28563
2 45 2 10 -1665 11.82547
2 46 2 11 -1600 2715.66173
2 52 3 0 -1490 0.91604
2 53 3 1 -1263 0.12059
2 54 3 2 -1355 0.28658
2 55 3 3 -1286 0.15334
2 56 3 4 -1290 0.15914
2 57 3 5 -1348 0.26990
2 58 3 6 -1477 0.83309
2 59 3 7 -1425 0.53539
2 60 3 8 -1446 0.63985
2 61 3 9 -1625 2.64157
2 62 3 10 -1647 8.52348
2 63 3 11 -1446 0.63679
2 64 3 12 -1600 5657.47983
2 69 4 0 -1475 0.81099
2 70 4 1 -1423 0.53318
2 71 4 2 -1222 0.08146
2 72 4 3 -1293 0.16106
2 73 4 4 -1365 0.31692
2 74 4 5 -1259 0.11844
2 75 4 6 -1599 9.35655
2 76 4 7 -1449 0.65288
2 77 4 8 -1368 0.32819
2 78 4 9 -1467 1.90113
2 79 4 10 -1624 2.66205
2 80 4 11 -1446 1.28334
2 81 4 12 -1554 1.56294
2 82 4 13 -1600 4034.04525
2 86 5 0 -1411 0.47045
2 87 5 1 -1274 0.13301
2 88 5 2 -1350 0.28000
2 89 5 3 -1590 2.02761
2 90 5 4 -1239 0.09705
2 91 5 5 -1467 0.76448
2 92 5 6 -1235 0.09355
2 93 5 7 -1423 0.52051
2 94 5 8 -1494 0.94519
2 95 5 9 -1601 2.23353
2 96 5 10 -1613 2.43731
2 97 5 11 -1369 0.32375
2 98 5 12 -1417 0.50151
2 99 5 13 -1518 15.50204
2 100 5 14 -1600 5277.23696
2 103 6 0 -1497 0.97158
2 104 6 1 -1282 0.14489
2 105 6 2 -1334 0.24094
2 106 6 3 -1359 0.30057
2 107 6 4 -1313 0.21357
2 108 6 5 -1254 0.11442
2 109 6 6 -1349 0.28122
2 110 6 7 -1357 0.29802
2 111 6 8 -1258 0.11578
2 112 6 9 -1499 0.99614
2 113 6 10 -1494 0.94030
2 114 6 11 -1680 10.16460
2 115 6 12 -1232 0.09036
2 116 6 13 -1361 0.30555
2 117 6 14 -1295 0.16432
2 118 6 15 -1600 1320338.96333
2 120 7 0 -1360 0.29954
2 121 7 1 -1420 0.51692
2 122 7 2 -1461 0.73049
2 123 7 3 -1235 0.09209
2 124 7 4 -1180 0.05334
2 125 7 5 -1344 0.25896
2 126 7 6 -1377 0.35427
2 127 7 7 -1611 2.40552
2 128 7 8 -1643 3.06911
2 129 7 9 -1633 5.67330
2 130 7 10 -1525 1.23250
2 131 7 11 -1421 0.50622
2 132 7 12 -1650 3.24264
2 133 7 13 -1617 2.48778
2 134 7 14 -1385 0.37678
2 135 7 15 -1641 2.99114
2 136 7 16 -1600 38616935.86340
2 137 8 0 -1507 1.06440
2 138 8 1 -1536 10.67416
2 139 8 2 -1346 0.26611
2 140 8 3 -1461 0.71693
2 141 8 4 -1431 0.56547
2 142 8 5 -1497 0.97745
2 143 8 6 -1587 504.21568
2 144 8 7 -1596 17.05826
2 145 8 8 -1427 0.53847
2 146 8 9 -1642 6.04734
2 147 8 10 -1383 0.37166
2 148 8 11 -1538 1.36466
2 149 8 12 -1625 5.34491
2 150 8 13 -1477 0.84230
2 151 8 14 -1517 1.16962
2 152 8 15 -1599 2.19153
2 153 8 16 -1600 7341.78864
2 162 9 8 -1687 4.16973
2 163 9 9 -1511 1.10336
2 164 9 10 -1359 0.29386
2 165 9 11 -1614 4.92246
2 166 9 12 -1610 2.38045
2 167 9 13 -1621 8.62584
2 168 9 14 -1551 1.49993
2 169 9 15 -1588 2.01583
2 170 9 16 -1600 18.65948
2 179 10 8 -1553 20.60654
2 180 10 9 -1466 0.75836
2 181 10 10 -1393 0.40425
2 182 10 11 -1372 0.34028
2 183 10 12 -1383 0.36701
2 184 10 13 -1469 0.77700
2 185 10 14 -1371 0.33601
2 186 10 15 -1561 1.61873
2 187 10 16 -1600 2113262.17204
2 196 11 8 -1522 9.60070
2 197 11 9 -1660 3.47353
2 198 11 10 -1476 0.81463
2 199 11 11 -1437 0.58651
2 200 11 12 -1444 0.62474
2 201 11 13 -1284 0.14908
2 202 11 14 -1598 2.17358
2 203 11 15 -1352 0.27859
2 204 11 16 -1600 71545244.74920
2 213 12 8 -1490 0.91822
2 214 12 9 -1628 2.70863
2 215 12 10 -1358 0.29311
2 216 12 11 -1502 1.01827
2 217 12 12 -1473 0.80562
2 218 12 13 -1554 1.52648
2 219 12 14 -1500 1.00650
2 220 12 15 -1552 105.42487
2 221 12 16 -1600 693759.51680
2 230 13 8 -1636 5.72456
2 231 13 9 -1675 7.71949
2 232 13 10 -1364 0.31517
2 233 13 11 -1408 0.46742
2 234 13 12 -1585 1.97169
2 235 13 13 -1384 0.37524
2 236 13 14 -1416 0.48943
2 237 13 15 -1664 5.37409
2 238 13 16 -1600 1015864.80511
2 247 14 8 -1690 8.50027
2 248 14 9 -1504 1.01872
2 249 14 10 -1661 3.47347
2 250 14 11 -1572 1.78470
2 251 14 12 -1488 0.91004
2 252 14 13 -1572 1.74735
2 253 14 14 -1452 0.66987
2 254 14 15 -1659 3.43736
2 255 14 16 -1600 115117.26705
2 264 15 8 -1626 2.68927
2 265 15 9 -1459 0.72016
2 266 15 10 -1415 0.52528
2 267 15 11 -1532 1.28506
2 268 15 12 -1403 0.44512
2 269 15 13 -1540 1.37475
2 270 15 14 -1386 0.38600
2 271 15 15 -1434 0.56896
2 272 15 16 -1600 9.37690
2 281 16 8 -1669 3.71977
2 282 16 9 -1408 0.46330
2 283 16 10 -1619 2.52737
2 284 16 11 -1519 13.76558
2 285 16 12 -1385 0.37985
2 286 16 13 -1343 0.25963
2 287 16 14 -1610 2.39752
2 288 16 15 -1610 2.39236
2 289 16 16 -1600 17.14618
2 298 17 8 -1436 0.58388
2 299 17 9 -1422 0.51898
2 300 17 10 -1353 0.28434
2 301 17 11 -1443 0.61100
2 302 17 12 -1401 0.43817
2 303 17 13 -1457 0.70096
2 304 17 14 -1510 1.09752
2 305 17 15 -1445 0.62841
2 306 17 16 -1492 2.55696
2 315 18 8 -1539 1.37024
2 316 18 9 -1549 1.47851
2 317 18 10 -1514 1.11601
2 318 18 11 -1402 0.44042
2 319 18 12 -1254 0.11058
2 320 18 13 -1412 0.47673
2 321 18 14 -1497 0.97759
2 322 18 15 -1591 2.05427
2 323 18 16 -1600 5305.85735
2 332 19 8 -1405 0.45524
2 333 19 9 -1505 1.05051
2 334 19 10 -1387 0.38566
2 335 19 11 -1386 0.37694
2 336 19 12 -1373 4.02669
2 337 19 13 -1456 0.69127
2 338 19 14 -1383 0.37306
2 339 19 15 -1444 0.62745
2 340 19 16 -1600 43566.43677
2 349 20 8 -1541 1.37943
2 350 20 9 -1673 3.81584
2 351 20 10 -1393 0.40677
2 352 20 11 -1545 1.45247
2 353 20 12 -1424 0.53599
2 354 20 13 -1468 0.76762
2 355 20 14 -1329 0.22684
2 356 20 15 -1498 0.98344
2 357 20 16 -1600 55878.46003
2 366 21 8 -1681 4.06353
2 367 21 9 -1403 0.44071
2 368 21 10 -1586 1.99455
2 369 21 11 -1226 0.08597
2 370 21 12 -1379 0.35888
2 371 21 13 -1469 0.78156
2 372 21 14 -1397 0.41127
2 373 21 15 -1375 0.34706
2 374 21 16 -1579 398.02005
2 383 22 8 -1400 0.43934
2 384 22 9 -1583 1.90719
2 385 22 10 -1376 0.34704
2 386 22 11 -1332 0.23226
2 387 22 12 -1380 0.36182
2 388 22 13 -1301 0.17597
2 389 22 14 -1295 0.16524
2 390 22 15 -1588 1.99381
2 391 22 16 -1600 8.91992
2 400 23 8 -1479 0.83631
2 401 23 9 -1438 0.60054
2 402 23 10 -1166 0.04611
2 403 23 11 -1425 0.54067
2 404 23 12 -1403 0.44450
2 405 23 13 -1405 0.44993
2 406 23 14 -1573 1.76903
2 407 23 15 -1332 0.23398
2 408 23 16 -1600 248.81278
2 417 24 8 -1561 1.63090
2 418 24 9 -1558 1.59254
2 419 24 10 -1338 0.24222
2 420 24 11 -1424 0.53083
2 421 24 12 -1273 0.13261
2 422 24 13 -1441 0.60809
2 423 24 14 -1280 0.14363
2 424 24 15 -1426 0.54210
2 425 24 16 -1600 18382.96943
2 426 25 0 -1523 166.62775
2 427 25 1 -1537 11.01938
2 428 25 2 -1598 74.09407
2 429 25 3 -1519 1.16637
2 430 25 4 -1527 21.49256
2 431 25 5 -1569 1.71727
2 432 25 6 -1622 5.17590
2 433 25 7 -1411 0.47953
2 434 25 8 -1424 0.53594
2 435 25 9 -1405 0.45634
2 436 25 10 -1368 0.32539
2 437 25 11 -1360 0.29938
2 438 25 12 -1288 0.15645
2 439 25 13 -1385 0.37178
2 440 25 14 -1306 0.18449
2 441 25 15 -1381 0.36289
2 442 25 16 -1600 1316540.50817
2 443 26 0 -1506 1.05823
2 444 26 1 -1432 0.57452
2 445 26 2 -1369 0.32219
2 446 26 3 -1467 0.75449
2 447 26 4 -1321 0.21413
2 448 26 5 -1521 1.18079
2 449 26 6 -1314 0.19664
2 450 26 7 -1339 0.24840
2 451 26 8 -1520 1.17236
2 452 26 9 -1365 0.31505
2 453 26 10 -1314 0.19833
2 454 26 11 -1342 0.25372
2 455 26 12 -1370 0.32538
2 456 26 13 -1441 0.61475
2 457 26 14 -1323 0.21607
2 458 26 15 -1423 0.51975
2 459 26 16 -1600 8114.28354
2 460 27 0 -1417 0.50130
2 461 27 1 -1488 0.90304
2 462 27 2 -1305 0.18308
2 463 27 3 -1318 0.20547
2 464 27 4 -1247 0.10424
2 465 27 5 -1310 0.19259
2 466 27 6 -1567 1.70773
2 467 27 7 -1280 0.14300
2 468 27 8 -1214 0.07441
2 469 27 9 -1243 0.10101
2 470 27 10 -1219 0.07987
2 471 27 11 -1378 0.35352
2 472 27 12 -1155 0.04067
2 473 27 13 -1297 0.16594
2 474 27 14 0 0.00000
2 475 27 15 -1460 3.08372
2 477 28 0 -1453 0.67376
2 478 28 1 -1523 1.21106
2 479 28 2 -1248 0.10613
2 480 28 3 -1232 0.08968
2 481 28 4 -1327 0.22430
2 482 28 5 -1202 0.06688
2 483 28 6 -1227 0.08541
2 484 28 7 -1290 0.15601
2 485 28 8 -1298 0.16994
2 486 28 9 -1354 0.28210
2 487 28 10 -1308 0.18632
2 488 28 11 -1248 0.10517
2 489 28 12 -1251 0.10726
2 490 28 13 -1305 0.18154
2 491 28 14 -1324 0.42409
2 494 29 0 -1264 0.12329
2 495 29 1 -1420 0.50986
2 496 29 2 -1266 0.12465
2 497 29 3 -1347 0.27343
2 498 29 4 -1332 0.23250
2 499 29 5 -1395 0.47760
2 500 29 6 -1244 0.10235
2 501 29 7 -1344 0.26442
2 502 29 8 -1301 0.17264
2 503 29 9 -1251 0.10883
2 504 29 10 -1169 0.04818
2 505 29 11 -1356 0.29317
2 506 29 12 -1356 0.29082
2 507 29 13 -1399 0.86475
2 511 30 0 -1349 0.27366
2 512 30 1 -1372 0.33917
2 513 30 2 -1328 0.22538
2 514 30 3 -1247 0.10426
2 515 30 4 -1418 0.50082
2 516 30 5 -1336 0.24614
2 517 30 6 -1323 0.21572
2 518 30 7 -1218 0.07819
2 519 30 8 -1213 0.07506
2 520 30 9 -1297 0.16650
2 521 30 10 -1283 0.14901
2 522 30 11 -1353 0.28617
2 523 30 12 -1385 0.46129
2 528 31 0 -1299 0.17388
2 529 31 1 -1208 0.07028
2 530 31 2 -1215 0.07689
2 531 31 3 -1420 0.51104
2 532 31 4 -1201 0.06489
2 533 31 5 -1262 0.12132
2 534 31 6 -1319 0.21018
2 535 31 7 -1244 0.10198
2 536 31 8 -1259 0.11689
2 537 31 9 -1308 0.18335
2 538 31 10 -1348 0.26721
2 539 31 11 -1371 0.47750
2 545 32 0 -1144 0.03704
2 546 32 1 -1271 0.13310
2 547 32 2 -1209 0.07141
2 548 32 3 -1242 0.09904
2 549 32 4 -1332 0.23466
2 550 32 5 -1193 0.06113
2 551 32 6 -1216 0.07689
2 552 32 7 -1182 0.05457
2 553 32 8 -1376 0.34370
2 554 32 9 -1306 0.18191
2 555 32 10 -1384 0.61309
2 562 33 0 -1364 0.14742
2 563 33 1 -1383 0.33203
2 564 33 2 -1247 0.00427
2 565 33 3 -1282 0.16267
2 566 33 4 -1284 0.00503
2 567 33 5 -1317 0.02456
2 568 33 6 -1302 0.03569
2 569 33 7 -1306 0.14614
2 570 33 8 -1247 0.08801
2 571 33 9 -1229 0.00279
