3 1 0 0 8F 0.58265
3 2 0 1 E4 1.61346
3 3 0 2 93 0.61314
3 4 0 3 99 0.65019
3 5 0 4 BC 0.96387
3 6 0 5 EA 3.09680
3 7 0 6 F6 4.36776
3 8 0 7 FD 86.36843
3 9 0 8 0 0.00815
3 10 0 9 EA 2.94829
3 11 0 10 FB 80.74080
3 12 0 11 EF 111.14719
3 13 1 0 B8 2.88869
3 14 1 1 9A 0.57437
3 15 1 2 E9 1.73179
3 16 1 3 83 0.51775
3 17 1 4 A7 0.58259
3 18 1 5 F8 4.59290
3 19 1 6 FE 5.57566
3 20 1 7 F1 7.62333
3 21 1 8 F5 8.74406
3 22 1 9 FE 13.04564
3 23 1 10 FB 28.55478
3 24 1 11 EA 44.01505
3 25 2 0 34 0.17918
3 26 2 1 D8 1.35498
3 27 2 2 F8 17.30712
3 28 2 3 F9 2.17446
3 29 2 4 92 0.35806
3 30 2 5 9F 0.95177
3 31 2 6 FB 10.11550
3 32 2 7 F5 72.86822
3 33 2 8 E7 2.61073
3 34 2 9 F3 4.14202
3 35 2 10 E1 9.81631
3 36 2 11 F4 67.68023
3 37 3 0 28 0.17464
3 38 3 1 58 0.97350
3 39 3 2 6D 0.42925
3 40 3 3 70 0.44351
3 41 3 4 92 0.37341
3 42 3 5 BC 7.05802
3 43 3 6 8E 15.96275
3 44 3 7 FF 186.74985
3 45 3 8 FF 5.86526
3 46 3 9 EF 7.21641
3 47 3 10 0 0.00458
3 48 3 11 0 0.00136
3 49 4 0 2D 0.21401
3 50 4 1 D9 2.67666
3 51 4 2 47 0.04534
3 52 4 3 CE 1.17473
3 53 4 4 B1 0.70496
3 54 4 5 A9 0.58137
3 55 4 6 92 0.35656
3 56 4 7 F1 7.62851
3 57 4 8 EF 3.53046
3 58 4 9 FA 10.32356
3 59 4 10 EB 39.33077
3 60 4 11 FD 105.83804
3 61 5 0 C 0.35120
3 62 5 1 42 0.04403
3 63 5 2 A7 0.75287
3 64 5 3 25 0.49223
3 65 5 4 C 0.02171
3 66 5 5 10 0.04531
3 67 5 6 54 0.12207
3 68 5 7 31 0.06943
3 69 5 8 83 0.27271
3 70 5 9 F5 4.28977
3 71 5 10 F2 221.47034
3 72 5 11 EE 6.97128
3 73 6 0 40 0.36965
3 74 6 1 3F 0.14351
3 75 6 2 7F 0.51138
3 76 6 3 17 0.05446
3 77 6 4 1D 0.01346
3 78 6 5 34 1.16476
3 79 6 6 9A 0.43617
3 80 6 7 B7 0.83511
3 81 6 8 D9 1.87628
3 82 6 9 CA 1.34796
3 83 6 10 E7 2.71995
3 84 6 11 F1 3.90747
3 90 7 5 81 0.26533
3 91 7 6 92 0.37094
3 92 7 7 41 0.09004
3 93 7 8 C5 1.12435
3 94 7 9 D7 1.79730
3 95 7 10 F1 7.20261
3 96 7 11 F4 4.17609
3 102 8 5 43 0.29803
3 103 8 6 9A 0.63894
3 104 8 7 EE 1.86541
3 105 8 8 B3 0.85383
3 106 8 9 60 0.38617
3 107 8 10 DD 9.04264
3 108 8 11 A2 0.72781
3 114 9 5 6B 0.41819
3 115 9 6 E9 1.69897
3 116 9 7 DE 2.93086
3 117 9 8 D3 2.51191
3 118 9 9 9E 0.69729
3 119 9 10 F2 1.95105
3 120 9 11 C0 0.98332
3 126 10 5 36 0.07810
3 127 10 6 6D 0.42681
3 128 10 7 DB 91.32786
3 129 10 8 A3 0.72796
3 130 10 9 D5 1.33483
3 131 10 10 2B 0.12555
3 132 10 11 ED 15.25180
3 138 11 5 47 0.07745
3 139 11 6 99 0.64515
3 140 11 7 95 0.61461
3 141 11 8 D0 2.43286
3 142 11 9 66 0.40148
3 143 11 10 D6 1.34867
3 144 11 11 EF 1.91852
3 150 12 5 52 0.04241
3 151 12 6 DD 23.63373
3 152 12 7 FA 4.49493
3 153 12 8 E6 53.59733
3 154 12 9 0 864.60938
3 155 12 10 6 0.19761
3 156 12 11 D8 22.29175
3 162 13 5 E2 5.92664
3 163 13 6 D5 1.31373
3 164 13 7 FE 38.43666
3 165 13 8 D9 5.62961
3 166 13 9 94 0.62025
3 167 13 10 41 0.14713
3 168 13 11 6 0.19486
3 174 14 5 C1 1.01696
3 175 14 6 DC 11.38234
3 176 14 7 0 0.04897
3 177 14 8 3E 299.85136
3 178 14 9 DF 23.53554
3 179 14 10 94 0.61002
3 180 14 11 A0 2.77341
3 186 15 5 A 0.19864
3 187 15 6 F6 33.41351
3 188 15 7 E4 6.44507
3 189 15 8 B0 0.82590
3 190 15 9 43 0.14852
3 191 15 10 F4 173.93878
3 192 15 11 F4 16.30332
3 198 16 5 0 0.05920
3 199 16 6 0 0.00114
3 200 16 7 EA 14.28425
3 201 16 8 C3 1.07307
3 202 16 9 E0 2.30119
3 203 16 10 0 0.62500
3 204 16 11 0 0.00127
3 205 17 0 E1 19.59793
3 206 17 1 D7 43.80473
3 207 17 2 F2 64.29407
3 208 17 3 FF 160.72915
3 209 17 4 FF 186.11207
3 210 17 5 0 0.00114
3 211 17 6 FC 5.27038
3 212 17 7 0 6.25000
3 213 17 8 D3 1.62262
3 214 17 9 CA 1.32731
3 215 17 10 0 50.00000
3 216 17 11 B5 0.79746
3 217 18 0 FA 78.86047
3 218 18 1 E0 396.50176
3 219 18 2 CF 1.20830
3 220 18 3 DA 46.09851
3 221 18 4 F1 123.67140
3 222 18 5 FF 183.84143
3 223 18 6 EF 6.96034
3 224 18 7 DA 1.92586
3 225 18 8 E6 2.60782
3 226 18 9 FB 22.74353
3 227 18 10 FE 5.44208
3 228 18 11 E7 2.85636
3 229 19 0 E8 117.69753
3 230 19 1 DA 10.32239
3 231 19 2 F6 4.27477
3 232 19 3 0 0.01217
3 233 19 4 F3 7.92682
3 234 19 5 B6 0.81626
3 235 19 6 D7 1.74910
3 236 19 7 DA 2.03694
3 237 19 8 F5 4.25560
3 238 19 9 EF 15.40739
3 239 19 10 F7 74.82985
3 240 19 11 F6 25.34638
3 241 20 0 D4 309.75992
3 242 20 1 D8 13.86780
3 243 20 2 F3 2.00598
3 244 20 3 E8 20.52061
3 245 20 4 FE 11.50667
3 246 20 5 F5 165.67758
3 247 20 6 C2 1.01913
3 248 20 7 EA 2.99520
3 249 20 8 F4 16.44392
3 250 20 9 F8 9.09888
3 251 20 10 EC 12.74257
3 252 20 11 AF 0.67907
3 253 21 0 E1 20.20797
3 254 21 1 E9 92.31303
3 255 21 2 C9 1.11865
3 256 21 3 FB 8.81990
3 257 21 4 E6 2.78694
3 258 21 5 F9 4.60785
3 259 21 6 F5 8.36319
3 260 21 7 F5 12.42853
3 261 21 8 F2 8.29140
3 262 21 9 FF 187.48941
3 263 21 10 EB 50.46693
3 264 21 11 EF 6.86201
3 265 22 0 F7 263.51823
3 266 22 1 E6 308.62996
3 267 22 2 E0 1.52682
3 268 22 3 E1 12.66597
3 269 22 4 C4 1.10995
3 270 22 5 D4 1.67622
3 271 22 6 FE 5.80960
3 272 22 7 EC 16.57107
3 273 22 8 F3 37.69310
3 274 22 9 EE 5.73771
3 275 22 10 F1 101.98332
3 276 22 11 F8 9.38787
3 277 23 0 E5 6.52139
3 278 23 1 DF 12.07809
3 279 23 2 EA 1.77438
3 280 23 3 D1 2.38209
3 281 23 4 D4 1.62961
3 282 23 5 1 0.03696
3 283 23 6 EA 34.48609
3 284 23 7 F1 15.22714
3 285 23 8 FF 7.95799
3 286 23 9 FC 53.53509
3 287 23 10 FC 127.63038
3 288 23 11 FF 12016.10418
4 1 0 0 85 0.52712
4 2 0 1 A3 0.71330
4 3 0 2 9D 0.67773
4 4 0 3 D5 1.30190
4 5 0 4 F0 114.02100
4 6 0 5 2E 0.03435
4 7 0 6 F5 27.54615
4 8 0 7 EB 7.54541
4 9 0 8 FD 151.00099
4 10 0 9 EA 41.38971
4 11 0 10 ED 41.00203
4 12 0 11 F1 7.26940
4 13 1 0 46 0.31309
4 14 1 1 AC 0.79374
4 15 1 2 CD 2.44046
4 16 1 3 69 0.40839
4 17 1 4 A5 0.54072
4 18 1 5 B7 1.69346
4 19 1 6 EC 3.20778
4 20 1 7 F6 4.35708
4 21 1 8 F5 8.36855
4 22 1 9 F5 14.72959
4 23 1 10 E8 2.90071
4 24 1 11 F1 9.93904
4 25 2 0 33 0.13829
4 26 2 1 C9 1.13548
4 27 2 2 A5 0.72763
4 28 2 3 75 0.45222
4 29 2 4 ED 3.18114
4 30 2 5 DE 2.17608
4 31 2 6 DE 2.17118
4 32 2 7 F2 12.33188
4 33 2 8 D6 1.77192
4 34 2 9 EE 7.03841
4 35 2 10 EF 16.70149
4 36 2 11 FA 5.95737
4 37 3 0 E4 1.61501
4 38 3 1 C5 2.74010
4 39 3 2 B7 0.91359
4 40 3 3 C0 1.00679
4 41 3 4 B6 0.80314
4 42 3 5 CC 1.37281
4 43 3 6 EB 3.21965
4 44 3 7 B2 0.73552
4 45 3 8 DE 2.22192
4 46 3 9 C6 1.16492
4 47 3 10 F1 7.86336
4 48 3 11 EF 3.58909
4 49 4 0 F5 2.08020
4 50 4 1 67 0.40087
4 51 4 2 E8 1.71138
4 52 4 3 CD 1.17512
4 53 4 4 6C 0.18224
4 54 4 5 B3 0.73272
4 55 4 6 BF 0.99141
4 56 4 7 DD 2.05064
4 57 4 8 CE 1.41471
4 58 4 9 0 0.00114
4 59 4 10 F2 39.08590
4 60 4 11 EF 3.60465
4 61 5 0 E1 49.37960
4 62 5 1 4C 0.32408
4 63 5 2 58 0.01061
4 64 5 3 13 0.10580
4 65 5 4 1E 0.05471
4 66 5 5 AA 0.62489
4 67 5 6 87 0.28821
4 68 5 7 DB 1.90625
4 69 5 8 C1 1.01984
4 70 5 9 FD 5.51759
4 71 5 10 F5 4.19025
4 72 5 11 F2 42.09050
4 73 6 0 27 0.24474
4 74 6 1 4A 0.07361
4 75 6 2 53 0.17053
4 76 6 3 2E 0.04038
4 77 6 4 89 0.30419
4 78 6 5 63 0.15204
4 79 6 6 C3 1.06478
4 80 6 7 0 0.00117
4 81 6 8 FD 5.63459
4 82 6 9 F3 3.97241
4 83 6 10 EE 3.41504
4 84 6 11 ED 7.04894
4 90 7 5 7D 0.23617
4 91 7 6 52 0.11675
4 92 7 7 F4 4.14143
4 93 7 8 B6 0.77147
4 94 7 9 F5 4.26602
4 95 7 10 E7 2.89792
4 96 7 11 F8 5.03853
4 102 8 5 C5 9.97604
4 103 8 6 E2 1.57620
4 104 8 7 F6 68.23680
4 105 8 8 DB 1.42316
4 106 8 9 3E 0.28741
4 107 8 10 B2 0.86033
4 108 8 11 FA 8.08157
4 114 9 5 83 0.51383
4 115 9 6 D8 86.66050
4 116 9 7 DE 42.59836
4 117 9 8 D4 2.59320
4 118 9 9 0 0.01215
4 119 9 10 6E 0.42544
4 120 9 11 D5 5.28741
4 126 10 5 48 0.31684
4 127 10 6 73 0.45026
4 128 10 7 F9 2.23048
4 129 10 8 AA 0.77222
4 130 10 9 BE 0.99250
4 131 10 10 23 0.23696
4 132 10 11 EA 3.53747
4 138 11 5 CF 1.23016
4 139 11 6 27 0.24359
4 140 11 7 C8 1.10870
4 141 11 8 B9 0.91426
4 142 11 9 E5 4.80606
4 143 11 10 E8 1.66375
4 144 11 11 DA 1.41117
4 150 12 5 E7 13.21681
4 151 12 6 D5 1.31284
4 152 12 7 D1 2.49424
4 153 12 8 FD 4.99132
4 154 12 9 F3 2.00032
4 155 12 10 A2 0.72883
4 156 12 11 D9 2.73728
4 162 13 5 71 0.43571
4 163 13 6 5E 0.37293
4 164 13 7 D7 23.53890
4 165 13 8 D7 7.17930
4 166 13 9 F3 3.02874
4 167 13 10 EB 1.74287
4 168 13 11 94 0.61618
4 174 14 5 EB 3.96115
4 175 14 6 E5 16.38654
4 176 14 7 F2 13.82236
4 177 14 8 CB 1.13929
4 178 14 9 E5 5.04655
4 179 14 10 A7 0.74791
4 180 14 11 DA 1.70322
4 186 15 5 CE 1.19185
4 187 15 6 D4 32.60844
4 188 15 7 DF 7.81266
4 189 15 8 D3 10.18700
4 190 15 9 D7 1.32067
4 191 15 10 DD 2.80178
4 192 15 11 CC 1.15753
4 198 16 5 0 0.00112
4 199 16 6 EF 3.35665
4 200 16 7 F8 2402.68097
4 201 16 8 2F 0.00219
4 202 16 9 DC 2.03760
4 203 16 10 EF 7.12581
4 204 16 11 D6 1.68537
4 205 17 0 E0 100.72343
4 206 17 1 D1 508.46925
4 207 17 2 F2 86.80726
4 208 17 3 F0 47.81747
4 209 17 4 E9 192.34824
4 210 17 5 FA 51.02035
4 211 17 6 F0 3.65232
4 212 17 7 F8 4.57154
4 213 17 8 8C 1.27219
4 214 17 9 F2 3.77536
4 215 17 10 AE 0.65902
4 216 17 11 F6 4.50466
4 217 18 0 66 0.39672
4 218 18 1 D3 37.39923
4 219 18 2 F2 8942.71953
4 220 18 3 D8 22.41201
4 221 18 4 F8 148.52389
4 222 18 5 F4 4.17854
4 223 18 6 DC 1.97405
4 224 18 7 C0 0.99389
4 225 18 8 0 8979.20000
4 226 18 9 F1 39.29538
4 227 18 10 EF 111.14798
4 228 18 11 FB 6.03913
4 229 19 0 E8 2.69529
4 230 19 1 D5 2.64114
4 231 19 2 E6 5.64116
4 232 19 3 FF 158.69346
4 233 19 4 D3 1.58410
4 234 19 5 B9 0.84546
4 235 19 6 0 640.00000
4 236 19 7 C5 1.16756
4 237 19 8 B1 0.71418
4 238 19 9 FE 5.69671
4 239 19 10 F9 18.24739
4 240 19 11 EB 11.98094
4 241 20 0 F1 31.83924
4 242 20 1 E0 8.50620
4 243 20 2 EE 1.87243
4 244 20 3 DC 1.78935
4 245 20 4 F3 61.61499
4 246 20 5 FF 252.56430
4 247 20 6 EF 3.65346
4 248 20 7 FE 5.64807
4 249 20 8 EF 360.89870
4 250 20 9 F5 23.35900
4 251 20 10 EF 79.21083
4 252 20 11 FD 123.20624
4 253 21 0 ED 4.10178
4 254 21 1 E6 3.29340
4 255 21 2 9F 0.68373
4 256 21 3 D2 6.14400
4 257 21 4 E7 2.74950
4 258 21 5 0 983.68000
4 259 21 6 F1 54.13276
4 260 21 7 F7 15.58994
4 261 21 8 F5 19.11671
4 262 21 9 F7 346.25878
4 263 21 10 F8 26.71597
4 264 21 11 FE 156.87446
4 265 22 0 E5 3.64594
4 266 22 1 FF 9.91776
4 267 22 2 FF 472.28554
4 268 22 3 E2 1.56544
4 269 22 4 F0 3.57586
4 270 22 5 D4 1.61373
4 271 22 6 F5 4.27123
4 272 22 7 ED 3.22362
4 273 22 8 DC 2.09907
4 274 22 9 FE 7.86309
4 275 22 10 F4 12.70684
4 276 22 11 E9 2.71065
4 277 23 0 EA 1.74561
4 278 23 1 E6 3.29626
4 279 23 2 FA 2.17851
4 280 23 3 D4 1.28597
4 281 23 4 0 0.00114
4 282 23 5 F0 14.09194
4 283 23 6 ED 3.38641
4 284 23 7 E9 5.87621
4 285 23 8 EC 6.93656
4 286 23 9 FF 146.73788
4 287 23 10 0 0.00282
4 288 23 11 1 0.03672
