1 0 0 1 1 8 10 3 11 2 6
1 0 1 2 1 8 9 3 11 2 7
1 0 2 3 1 8 8 3 11 1 0
1 0 3 4 1 8 7 3 11 1 1
1 0 4 5 1 8 6 3 11 1 2
1 0 5 6 1 8 5 3 11 1 3
1 0 6 7 1 8 4 3 11 1 4
1 0 7 8 1 8 3 3 11 1 5
1 0 8 9 1 8 2 3 11 1 6
1 0 9 10 1 8 1 3 11 1 7
1 1 0 18 1 20 16 3 5 0 7
1 1 1 19 1 20 15 3 5 1 7
1 1 2 20 1 20 14 3 5 2 7
1 1 3 21 1 20 13 3 5 3 7
1 1 4 22 1 20 12 3 6 0 7
1 1 5 23 1 20 11 3 6 1 7
1 1 6 24 1 20 10 3 6 2 7
1 1 7 25 1 20 9 3 6 3 7
1 1 8 26 1 20 8 3 7 0 2
1 1 9 27 1 20 7 3 7 0 1
1 1 10 28 1 20 6 3 7 0 0
1 2 0 35 1 19 16 3 5 0 6
1 2 1 36 1 19 15 3 5 1 6
1 2 2 37 1 19 14 3 5 2 6
1 2 3 38 1 19 13 3 5 3 6
1 2 4 39 1 19 12 3 6 0 6
1 2 5 40 1 19 11 3 6 1 6
1 2 6 41 1 19 10 3 6 2 6
1 2 7 42 1 19 9 3 6 3 6
1 2 8 43 1 19 8 3 7 1 3
1 2 9 44 1 19 7 3 7 1 2
1 2 10 45 1 19 6 3 7 1 1
1 2 11 46 1 19 5 3 7 1 0
1 3 0 52 1 18 16 3 5 0 5
1 3 1 53 1 18 15 3 5 1 5
1 3 2 54 1 18 14 3 5 2 5
1 3 3 55 1 18 13 3 5 3 5
1 3 4 56 1 18 12 3 6 0 5
1 3 5 57 1 18 11 3 6 1 5
1 3 6 58 1 18 10 3 6 2 5
1 3 7 59 1 18 9 3 6 3 5
1 3 8 60 1 18 8 3 7 2 3
1 3 9 61 1 18 7 3 7 2 2
1 3 10 62 1 18 6 3 7 2 1
1 3 11 63 1 18 5 3 7 2 0
1 3 12 64 1 8 11 3 11 2 5
1 4 0 69 1 17 16 3 5 0 4
1 4 1 70 1 17 15 3 5 1 4
1 4 2 71 1 17 14 3 5 2 4
1 4 3 72 1 17 13 3 5 3 4
1 4 4 73 1 17 12 3 6 0 4
1 4 5 74 1 17 11 3 6 1 4
1 4 6 75 1 17 10 3 6 2 4
1 4 7 76 1 17 9 3 6 3 4
1 4 8 77 1 17 8 3 7 3 3
1 4 9 78 1 17 7 3 7 3 2
1 4 10 79 1 17 6 3 7 3 1
1 4 11 80 1 17 5 3 7 3 0
1 4 12 81 1 8 12 3 11 2 4
1 4 13 82 1 8 13 3 11 2 3
1 5 0 86 1 16 16 3 5 0 3
1 5 1 87 1 16 15 3 5 1 3
1 5 2 88 1 16 14 3 5 2 3
1 5 3 89 1 16 13 3 5 3 3
1 5 4 90 1 16 12 3 6 0 3
1 5 5 91 1 16 11 3 6 1 3
1 5 6 92 1 16 10 3 6 2 3
1 5 7 93 1 16 9 3 6 3 3
1 5 8 94 1 16 8 3 8 0 6
1 5 9 95 1 16 7 3 8 0 5
1 5 10 96 1 16 6 3 8 0 4
1 5 11 97 1 16 5 3 8 0 3
1 5 12 98 1 20 4 3 8 0 2
1 5 13 99 1 20 3 3 8 0 1
1 5 14 100 1 20 2 3 8 0 0
1 6 0 103 1 15 16 3 5 0 2
1 6 1 104 1 15 15 3 5 1 2
1 6 2 105 1 15 14 3 5 2 2
1 6 3 106 1 15 13 3 5 3 2
1 6 4 107 1 15 12 3 6 0 2
1 6 5 108 1 15 11 3 6 1 2
1 6 6 109 1 15 10 3 6 2 2
1 6 7 110 1 15 9 3 6 3 2
1 6 8 111 1 15 8 3 8 1 0
1 6 9 112 1 15 7 3 8 1 1
1 6 10 113 1 15 6 3 8 1 2
1 6 11 114 1 15 5 3 8 1 3
1 6 12 115 1 19 4 3 8 1 4
1 6 13 116 1 19 3 3 8 1 5
1 6 14 117 1 19 2 3 8 1 6
1 6 15 118 1 19 1 3 8 1 7
1 7 0 120 1 14 16 3 5 0 1
1 7 1 121 1 14 15 3 5 1 1
1 7 2 122 1 14 14 3 5 2 1
1 7 3 123 1 14 13 3 5 3 1
1 7 4 124 1 14 12 3 6 0 1
1 7 5 125 1 14 11 3 6 1 1
1 7 6 126 1 14 10 3 6 2 1
1 7 7 127 1 14 9 3 6 3 1
1 7 8 128 1 14 8 3 8 2 0
1 7 9 129 1 14 7 3 8 2 1
1 7 10 130 1 14 6 3 8 2 2
1 7 11 131 1 14 5 3 8 2 3
1 7 12 132 1 18 4 3 8 2 4
1 7 13 133 1 18 3 3 8 2 5
1 7 14 134 1 18 2 3 8 2 6
1 7 15 135 1 18 1 3 8 2 7
1 7 16 136 1 8 14 3 11 2 2
1 8 0 137 1 13 16 3 5 0 0
1 8 1 138 1 13 15 3 5 1 0
1 8 2 139 1 13 14 3 5 2 0
1 8 3 140 1 13 13 3 5 3 0
1 8 4 141 1 13 12 3 6 0 0
1 8 5 142 1 13 11 3 6 1 0
1 8 6 143 1 13 10 3 6 2 0
1 8 7 144 1 13 9 3 6 3 0
1 8 8 145 1 13 8 3 8 3 0
1 8 9 146 1 13 7 3 8 3 1
1 8 10 147 1 13 6 3 8 3 2
1 8 11 148 1 13 5 3 8 3 3
1 8 12 149 1 17 4 3 8 3 4
1 8 13 150 1 17 3 3 8 3 5
1 8 14 151 1 17 2 3 8 3 6
1 8 15 152 1 17 1 3 8 3 7
1 8 16 153 1 8 15 3 11 2 1
1 9 8 162 1 12 9 3 9 0 0
1 9 9 163 1 11 9 3 9 0 1
1 9 10 164 1 12 6 3 9 0 2
1 9 11 165 1 12 5 3 9 0 3
1 9 12 166 1 16 4 3 9 0 4
1 9 13 167 1 16 3 3 9 0 5
1 9 14 168 1 16 2 3 9 0 6
1 9 15 169 1 16 1 3 9 0 7
1 9 16 170 1 8 16 3 11 2 0
1 10 8 179 1 12 10 3 9 1 0
1 10 9 180 1 11 10 3 9 1 1
1 10 10 181 1 11 6 3 9 1 2
1 10 11 182 1 11 5 3 9 1 3
1 10 12 183 1 15 4 3 9 1 4
1 10 13 184 1 15 3 3 9 1 5
1 10 14 185 1 15 2 3 9 1 6
1 10 15 186 1 15 1 3 9 1 7
1 10 16 187 1 7 4 3 11 0 0
1 11 8 196 1 9 11 3 9 2 0
1 11 9 197 1 10 11 3 9 2 1
1 11 10 198 1 11 11 3 9 2 2
1 11 11 199 1 12 11 3 9 2 3
1 11 12 200 1 14 4 3 9 2 4
1 11 13 201 1 14 3 3 9 2 5
1 11 14 202 1 14 2 3 9 2 6
1 11 15 203 1 14 1 3 9 2 7
1 11 16 204 1 7 5 3 11 0 1
1 12 8 213 1 9 12 3 9 3 0
1 12 9 214 1 10 12 3 9 3 1
1 12 10 215 1 11 12 3 9 3 2
1 12 11 216 1 12 12 3 9 3 3
1 12 12 217 1 13 4 3 9 3 4
1 12 13 218 1 13 3 3 9 3 5
1 12 14 219 1 13 2 3 9 3 6
1 12 15 220 1 13 1 3 9 3 7
1 12 16 221 1 7 6 3 11 0 2
1 13 8 230 1 9 13 3 10 0 0
1 13 9 231 1 10 13 3 10 0 1
1 13 10 232 1 11 13 3 10 0 2
1 13 11 233 1 12 13 3 10 0 3
1 13 12 234 1 12 4 3 10 0 4
1 13 13 235 1 12 3 3 10 0 5
1 13 14 236 1 12 2 3 10 0 6
1 13 15 237 1 12 1 3 10 0 7
1 13 16 238 1 7 7 3 11 0 3
1 14 8 247 1 9 14 3 10 1 0
1 14 9 248 1 10 14 3 10 1 1
1 14 10 249 1 11 14 3 10 1 2
1 14 11 250 1 12 14 3 10 1 3
1 14 12 251 1 11 4 3 10 1 4
1 14 13 252 1 11 3 3 10 1 5
1 14 14 253 1 11 2 3 10 1 6
1 14 15 254 1 11 1 3 10 1 7
1 14 16 255 1 12 7 3 11 0 5
1 15 8 264 1 9 15 3 10 2 0
1 15 9 265 1 10 15 3 10 2 1
1 15 10 266 1 11 15 3 10 2 2
1 15 11 267 1 12 15 3 10 2 3
1 15 12 268 1 10 4 3 10 2 4
1 15 13 269 1 10 3 3 10 2 5
1 15 14 270 1 10 2 3 10 2 6
1 15 15 271 1 10 1 3 10 2 7
1 15 16 272 1 12 8 3 11 0 6
1 16 8 281 1 9 16 3 10 3 0
1 16 9 282 1 10 16 3 10 3 1
1 16 10 283 1 11 16 3 10 3 2
1 16 11 284 1 12 16 3 10 3 3
1 16 12 285 1 9 4 3 10 3 4
1 16 13 286 1 9 3 3 10 3 5
1 16 14 287 1 9 2 3 10 3 6
1 16 15 288 1 9 1 3 10 3 7
1 16 16 289 1 11 7 3 11 0 4
1 17 8 298 2 12 16 4 10 3 0
1 17 9 299 2 11 16 4 10 3 1
1 17 10 300 2 10 16 4 10 3 2
1 17 11 301 2 9 16 4 10 3 3
1 17 12 302 2 12 4 4 10 3 4
1 17 13 303 2 12 3 4 10 3 5
1 17 14 304 2 12 2 4 10 3 6
1 17 15 305 2 12 1 4 10 3 7
1 17 16 306 2 10 7 4 11 0 4
1 18 8 315 2 12 15 4 10 2 0
1 18 9 316 2 11 15 4 10 2 1
1 18 10 317 2 10 15 4 10 2 2
1 18 11 318 2 9 15 4 10 2 3
1 18 12 319 2 11 4 4 10 2 4
1 18 13 320 2 11 3 4 10 2 5
1 18 14 321 2 11 2 4 10 2 6
1 18 15 322 2 11 1 4 10 2 7
1 18 16 323 2 9 8 4 11 0 6
1 19 8 332 2 12 14 4 10 1 0
1 19 9 333 2 11 14 4 10 1 1
1 19 10 334 2 10 14 4 10 1 2
1 19 11 335 2 9 14 4 10 1 3
1 19 12 336 2 10 4 4 10 1 4
1 19 13 337 2 10 3 4 10 1 5
1 19 14 338 2 10 2 4 10 1 6
1 19 15 339 2 10 1 4 10 1 7
1 19 16 340 2 9 7 4 11 0 3
1 20 8 349 2 12 13 4 10 0 0
1 20 9 350 2 11 13 4 10 0 1
1 20 10 351 2 10 13 4 10 0 2
1 20 11 352 2 9 13 4 10 0 3
1 20 12 353 2 9 4 4 10 0 4
1 20 13 354 2 9 3 4 10 0 5
1 20 14 355 2 9 2 4 10 0 6
1 20 15 356 2 9 1 4 10 0 7
1 20 16 357 2 14 7 4 11 0 5
1 21 8 366 2 12 12 4 9 3 0
1 21 9 367 2 11 12 4 9 3 1
1 21 10 368 2 10 12 4 9 3 2
1 21 11 369 2 9 12 4 9 3 3
1 21 12 370 2 8 4 4 9 3 4
1 21 13 371 2 8 3 4 9 3 5
1 21 14 372 2 8 2 4 9 3 6
1 21 15 373 2 8 1 4 9 3 7
1 21 16 374 2 14 6 4 11 0 2
1 22 8 383 2 12 11 4 9 2 0
1 22 9 384 2 11 11 4 9 2 1
1 22 10 385 2 10 11 4 9 2 2
1 22 11 386 2 9 11 4 9 2 3
1 22 12 387 2 7 4 4 9 2 4
1 22 13 388 2 7 3 4 9 2 5
1 22 14 389 2 7 2 4 9 2 6
1 22 15 390 2 7 1 4 9 2 7
1 22 16 391 2 14 5 4 11 0 1
1 23 8 400 2 9 10 4 9 1 0
1 23 9 401 2 10 10 4 9 1 1
1 23 10 402 2 10 6 4 9 1 2
1 23 11 403 2 10 5 4 9 1 3
1 23 12 404 2 6 4 4 9 1 4
1 23 13 405 2 6 3 4 9 1 5
1 23 14 406 2 6 2 4 9 1 6
1 23 15 407 2 6 1 4 9 1 7
1 23 16 408 2 14 4 4 11 0 0
1 24 8 417 2 9 9 4 9 0 0
1 24 9 418 2 10 9 4 9 0 1
1 24 10 419 2 9 6 4 9 0 2
1 24 11 420 2 9 5 4 9 0 3
1 24 12 421 2 5 4 4 9 0 4
1 24 13 422 2 5 3 4 9 0 5
1 24 14 423 2 5 2 4 9 0 6
1 24 15 424 2 5 1 4 9 0 7
1 24 16 425 2 13 16 4 11 2 0
1 25 0 426 2 8 16 4 5 0 0
1 25 1 427 2 8 15 4 5 1 0
1 25 2 428 2 8 14 4 5 2 0
1 25 3 429 2 8 13 4 5 3 0
1 25 4 430 2 8 12 4 6 0 0
1 25 5 431 2 8 11 4 6 1 0
1 25 6 432 2 8 10 4 6 2 0
1 25 7 433 2 8 9 4 6 3 0
1 25 8 434 2 8 8 4 8 3 0
1 25 9 435 2 8 7 4 8 3 1
1 25 10 436 2 8 6 4 8 3 2
1 25 11 437 2 8 5 4 8 3 3
1 25 12 438 2 4 4 4 8 3 4
1 25 13 439 2 4 3 4 8 3 5
1 25 14 440 2 4 2 4 8 3 6
1 25 15 441 2 4 1 4 8 3 7
1 25 16 442 2 13 15 4 11 2 1
1 26 0 443 2 7 16 4 5 0 1
1 26 1 444 2 7 15 4 5 1 1
1 26 2 445 2 7 14 4 5 2 1
1 26 3 446 2 7 13 4 5 3 1
1 26 4 447 2 7 12 4 6 0 1
1 26 5 448 2 7 11 4 6 1 1
1 26 6 449 2 7 10 4 6 2 1
1 26 7 450 2 7 9 4 6 3 1
1 26 8 451 2 7 8 4 8 2 0
1 26 9 452 2 7 7 4 8 2 1
1 26 10 453 2 7 6 4 8 2 2
1 26 11 454 2 7 5 4 8 2 3
1 26 12 455 2 3 4 4 8 2 4
1 26 13 456 2 3 3 4 8 2 5
1 26 14 457 2 3 2 4 8 2 6
1 26 15 458 2 3 1 4 8 2 7
1 26 16 459 2 13 14 4 11 2 2
1 27 0 460 2 6 16 4 5 0 2
1 27 1 461 2 6 15 4 5 1 2
1 27 2 462 2 6 14 4 5 2 2
1 27 3 463 2 6 13 4 5 3 2
1 27 4 464 2 6 12 4 6 0 2
1 27 5 465 2 6 11 4 6 1 2
1 27 6 466 2 6 10 4 6 2 2
1 27 7 467 2 6 9 4 6 3 2
1 27 8 468 2 6 8 4 8 1 0
1 27 9 469 2 6 7 4 8 1 1
1 27 10 470 2 6 6 4 8 1 2
1 27 11 471 2 6 5 4 8 1 3
1 27 12 472 2 2 4 4 8 1 4
1 27 13 473 2 2 3 4 8 1 5
1 27 14 474 2 2 2 4 8 1 6
1 27 15 475 2 2 1 4 8 1 7
1 28 0 477 2 5 16 4 5 0 3
1 28 1 478 2 5 15 4 5 1 3
1 28 2 479 2 5 14 4 5 2 3
1 28 3 480 2 5 13 4 5 3 3
1 28 4 481 2 5 12 4 6 0 3
1 28 5 482 2 5 11 4 6 1 3
1 28 6 483 2 5 10 4 6 2 3
1 28 7 484 2 5 9 4 6 3 3
1 28 8 485 2 5 8 4 8 0 6
1 28 9 486 2 5 7 4 8 0 5
1 28 10 487 2 5 6 4 8 0 4
1 28 11 488 2 5 5 4 8 0 3
1 28 12 489 2 1 4 4 8 0 2
1 28 13 490 2 1 3 4 8 0 1
1 28 14 491 2 1 2 4 8 0 0
1 29 0 494 2 4 16 4 5 0 4
1 29 1 495 2 4 15 4 5 1 4
1 29 2 496 2 4 14 4 5 2 4
1 29 3 497 2 4 13 4 5 3 4
1 29 4 498 2 4 12 4 6 0 4
1 29 5 499 2 4 11 4 6 1 4
1 29 6 500 2 4 10 4 6 2 4
1 29 7 501 2 4 9 4 6 3 4
1 29 8 502 2 4 8 4 7 3 3
1 29 9 503 2 4 7 4 7 3 2
1 29 10 504 2 4 6 4 7 3 1
1 29 11 505 2 4 5 4 7 3 0
1 29 12 506 2 13 12 4 11 2 4
1 29 13 507 2 13 13 4 11 2 3
1 30 0 511 2 3 16 4 5 0 5
1 30 1 512 2 3 15 4 5 1 5
1 30 2 513 2 3 14 4 5 2 5
1 30 3 514 2 3 13 4 5 3 5
1 30 4 515 2 3 12 4 6 0 5
1 30 5 516 2 3 11 4 6 1 5
1 30 6 517 2 3 10 4 6 2 5
1 30 7 518 2 3 9 4 6 3 5
1 30 8 519 2 3 8 4 7 2 3
1 30 9 520 2 3 7 4 7 2 2
1 30 10 521 2 3 6 4 7 2 1
1 30 11 522 2 3 5 4 7 2 0
1 30 12 523 2 13 11 4 11 2 5
1 31 0 528 2 2 16 4 5 0 6
1 31 1 529 2 2 15 4 5 1 6
1 31 2 530 2 2 14 4 5 2 6
1 31 3 531 2 2 13 4 5 3 6
1 31 4 532 2 2 12 4 6 0 6
1 31 5 533 2 2 11 4 6 1 6
1 31 6 534 2 2 10 4 6 2 6
1 31 7 535 2 2 9 4 6 3 6
1 31 8 536 2 2 8 4 7 1 3
1 31 9 537 2 2 7 4 7 1 2
1 31 10 538 2 2 6 4 7 1 1
1 31 11 539 2 2 5 4 7 1 0
1 32 0 545 2 1 16 4 5 0 7
1 32 1 546 2 1 15 4 5 1 7
1 32 2 547 2 1 14 4 5 2 7
1 32 3 548 2 1 13 4 5 3 7
1 32 4 549 2 1 12 4 6 0 7
1 32 5 550 2 1 11 4 6 1 7
1 32 6 551 2 1 10 4 6 2 7
1 32 7 552 2 1 9 4 6 3 7
1 32 8 553 2 1 8 4 7 0 2
1 32 9 554 2 1 7 4 7 0 1
1 32 10 555 2 1 6 4 7 0 0
1 33 0 562 2 13 10 4 11 2 6
1 33 1 563 2 13 9 4 11 2 7
1 33 2 564 2 13 8 4 11 1 0
1 33 3 565 2 13 7 4 11 1 1
1 33 4 566 2 13 6 4 11 1 2
1 33 5 567 2 13 5 4 11 1 3
1 33 6 568 2 13 4 4 11 1 4
1 33 7 569 2 13 3 4 11 1 5
1 33 8 570 2 13 2 4 11 1 6
1 33 9 571 2 13 1 4 11 1 7
2 0 0 1 1 8 10 1 11 2 6
2 0 1 2 1 8 9 1 11 2 7
2 0 2 3 1 8 8 1 11 1 0
2 0 3 4 1 8 7 1 11 1 1
2 0 4 5 1 8 6 1 11 1 2
2 0 5 6 1 8 5 1 11 1 3
2 0 6 7 1 8 4 1 11 1 4
2 0 7 8 1 8 3 1 11 1 5
2 0 8 9 1 8 2 1 11 1 6
2 0 9 10 1 8 1 1 11 1 7
2 1 0 18 1 20 16 1 5 0 7
2 1 1 19 1 20 15 1 5 1 7
2 1 2 20 1 20 14 1 5 2 7
2 1 3 21 1 20 13 1 5 3 7
2 1 4 22 1 20 12 1 6 0 7
2 1 5 23 1 20 11 1 6 1 7
2 1 6 24 1 20 10 1 6 2 7
2 1 7 25 1 20 9 1 6 3 7
2 1 8 26 1 20 8 1 7 0 2
2 1 9 27 1 20 7 1 7 0 1
2 1 10 28 1 20 6 1 7 0 0
2 2 0 35 1 19 16 1 5 0 6
2 2 1 36 1 19 15 1 5 1 6
2 2 2 37 1 19 14 1 5 2 6
2 2 3 38 1 19 13 1 5 3 6
2 2 4 39 1 19 12 1 6 0 6
2 2 5 40 1 19 11 1 6 1 6
2 2 6 41 1 19 10 1 6 2 6
2 2 7 42 1 19 9 1 6 3 6
2 2 8 43 1 19 8 1 7 1 3
2 2 9 44 1 19 7 1 7 1 2
2 2 10 45 1 19 6 1 7 1 1
2 2 11 46 1 19 5 1 7 1 0
2 3 0 52 1 18 16 1 5 0 5
2 3 1 53 1 18 15 1 5 1 5
2 3 2 54 1 18 14 1 5 2 5
2 3 3 55 1 18 13 1 5 3 5
2 3 4 56 1 18 12 1 6 0 5
2 3 5 57 1 18 11 1 6 1 5
2 3 6 58 1 18 10 1 6 2 5
2 3 7 59 1 18 9 1 6 3 5
2 3 8 60 1 18 8 1 7 2 3
2 3 9 61 1 18 7 1 7 2 2
2 3 10 62 1 18 6 1 7 2 1
2 3 11 63 1 18 5 1 7 2 0
2 3 12 64 1 8 11 1 11 2 5
2 4 0 69 1 17 16 1 5 0 4
2 4 1 70 1 17 15 1 5 1 4
2 4 2 71 1 17 14 1 5 2 4
2 4 3 72 1 17 13 1 5 3 4
2 4 4 73 1 17 12 1 6 0 4
2 4 5 74 1 17 11 1 6 1 4
2 4 6 75 1 17 10 1 6 2 4
2 4 7 76 1 17 9 1 6 3 4
2 4 8 77 1 17 8 1 7 3 3
2 4 9 78 1 17 7 1 7 3 2
2 4 10 79 1 17 6 1 7 3 1
2 4 11 80 1 17 5 1 7 3 0
2 4 12 81 1 8 12 1 11 2 4
2 4 13 82 1 8 13 1 11 2 3
2 5 0 86 1 16 16 1 5 0 3
2 5 1 87 1 16 15 1 5 1 3
2 5 2 88 1 16 14 1 5 2 3
2 5 3 89 1 16 13 1 5 3 3
2 5 4 90 1 16 12 1 6 0 3
2 5 5 91 1 16 11 1 6 1 3
2 5 6 92 1 16 10 1 6 2 3
2 5 7 93 1 16 9 1 6 3 3
2 5 8 94 1 16 8 1 8 0 6
2 5 9 95 1 16 7 1 8 0 5
2 5 10 96 1 16 6 1 8 0 4
2 5 11 97 1 16 5 1 8 0 3
2 5 12 98 1 20 4 1 8 0 2
2 5 13 99 1 20 3 1 8 0 1
2 5 14 100 1 20 2 1 8 0 0
2 6 0 103 1 15 16 1 5 0 2
2 6 1 104 1 15 15 1 5 1 2
2 6 2 105 1 15 14 1 5 2 2
2 6 3 106 1 15 13 1 5 3 2
2 6 4 107 1 15 12 1 6 0 2
2 6 5 108 1 15 11 1 6 1 2
2 6 6 109 1 15 10 1 6 2 2
2 6 7 110 1 15 9 1 6 3 2
2 6 8 111 1 15 8 1 8 1 0
2 6 9 112 1 15 7 1 8 1 1
2 6 10 113 1 15 6 1 8 1 2
2 6 11 114 1 15 5 1 8 1 3
2 6 12 115 1 19 4 1 8 1 4
2 6 13 116 1 19 3 1 8 1 5
2 6 14 117 1 19 2 1 8 1 6
2 6 15 118 1 19 1 1 8 1 7
2 7 0 120 1 14 16 1 5 0 1
2 7 1 121 1 14 15 1 5 1 1
2 7 2 122 1 14 14 1 5 2 1
2 7 3 123 1 14 13 1 5 3 1
2 7 4 124 1 14 12 1 6 0 1
2 7 5 125 1 14 11 1 6 1 1
2 7 6 126 1 14 10 1 6 2 1
2 7 7 127 1 14 9 1 6 3 1
2 7 8 128 1 14 8 1 8 2 0
2 7 9 129 1 14 7 1 8 2 1
2 7 10 130 1 14 6 1 8 2 2
2 7 11 131 1 14 5 1 8 2 3
2 7 12 132 1 18 4 1 8 2 4
2 7 13 133 1 18 3 1 8 2 5
2 7 14 134 1 18 2 1 8 2 6
2 7 15 135 1 18 1 1 8 2 7
2 7 16 136 1 8 14 1 11 2 2
2 8 0 137 1 13 16 1 5 0 0
2 8 1 138 1 13 15 1 5 1 0
2 8 2 139 1 13 14 1 5 2 0
2 8 3 140 1 13 13 1 5 3 0
2 8 4 141 1 13 12 1 6 0 0
2 8 5 142 1 13 11 1 6 1 0
2 8 6 143 1 13 10 1 6 2 0
2 8 7 144 1 13 9 1 6 3 0
2 8 8 145 1 13 8 1 8 3 0
2 8 9 146 1 13 7 1 8 3 1
2 8 10 147 1 13 6 1 8 3 2
2 8 11 148 1 13 5 1 8 3 3
2 8 12 149 1 17 4 1 8 3 4
2 8 13 150 1 17 3 1 8 3 5
2 8 14 151 1 17 2 1 8 3 6
2 8 15 152 1 17 1 1 8 3 7
2 8 16 153 1 8 15 1 11 2 1
2 9 8 162 1 12 9 1 9 0 0
2 9 9 163 1 11 9 1 9 0 1
2 9 10 164 1 12 6 1 9 0 2
2 9 11 165 1 12 5 1 9 0 3
2 9 12 166 1 16 4 1 9 0 4
2 9 13 167 1 16 3 1 9 0 5
2 9 14 168 1 16 2 1 9 0 6
2 9 15 169 1 16 1 1 9 0 7
2 9 16 170 1 8 16 1 11 2 0
2 10 8 179 1 12 10 1 9 1 0
2 10 9 180 1 11 10 1 9 1 1
2 10 10 181 1 11 6 1 9 1 2
2 10 11 182 1 11 5 1 9 1 3
2 10 12 183 1 15 4 1 9 1 4
2 10 13 184 1 15 3 1 9 1 5
2 10 14 185 1 15 2 1 9 1 6
2 10 15 186 1 15 1 1 9 1 7
2 10 16 187 1 7 4 1 11 0 0
2 11 8 196 1 9 11 1 9 2 0
2 11 9 197 1 10 11 1 9 2 1
2 11 10 198 1 11 11 1 9 2 2
2 11 11 199 1 12 11 1 9 2 3
2 11 12 200 1 14 4 1 9 2 4
2 11 13 201 1 14 3 1 9 2 5
2 11 14 202 1 14 2 1 9 2 6
2 11 15 203 1 14 1 1 9 2 7
2 11 16 204 1 7 5 1 11 0 1
2 12 8 213 1 9 12 1 9 3 0
2 12 9 214 1 10 12 1 9 3 1
2 12 10 215 1 11 12 1 9 3 2
2 12 11 216 1 12 12 1 9 3 3
2 12 12 217 1 13 4 1 9 3 4
2 12 13 218 1 13 3 1 9 3 5
2 12 14 219 1 13 2 1 9 3 6
2 12 15 220 1 13 1 1 9 3 7
2 12 16 221 1 7 6 1 11 0 2
2 13 8 230 1 9 13 1 10 0 0
2 13 9 231 1 10 13 1 10 0 1
2 13 10 232 1 11 13 1 10 0 2
2 13 11 233 1 12 13 1 10 0 3
2 13 12 234 1 12 4 1 10 0 4
2 13 13 235 1 12 3 1 10 0 5
2 13 14 236 1 12 2 1 10 0 6
2 13 15 237 1 12 1 1 10 0 7
2 13 16 238 1 7 7 1 11 0 3
2 14 8 247 1 9 14 1 10 1 0
2 14 9 248 1 10 14 1 10 1 1
2 14 10 249 1 11 14 1 10 1 2
2 14 11 250 1 12 14 1 10 1 3
2 14 12 251 1 11 4 1 10 1 4
2 14 13 252 1 11 3 1 10 1 5
2 14 14 253 1 11 2 1 10 1 6
2 14 15 254 1 11 1 1 10 1 7
2 14 16 255 1 12 7 1 11 0 5
2 15 8 264 1 9 15 1 10 2 0
2 15 9 265 1 10 15 1 10 2 1
2 15 10 266 1 11 15 1 10 2 2
2 15 11 267 1 12 15 1 10 2 3
2 15 12 268 1 10 4 1 10 2 4
2 15 13 269 1 10 3 1 10 2 5
2 15 14 270 1 10 2 1 10 2 6
2 15 15 271 1 10 1 1 10 2 7
2 15 16 272 1 12 8 1 11 0 6
2 16 8 281 1 9 16 1 10 3 0
2 16 9 282 1 10 16 1 10 3 1
2 16 10 283 1 11 16 1 10 3 2
2 16 11 284 1 12 16 1 10 3 3
2 16 12 285 1 9 4 1 10 3 4
2 16 13 286 1 9 3 1 10 3 5
2 16 14 287 1 9 2 1 10 3 6
2 16 15 288 1 9 1 1 10 3 7
2 16 16 289 1 11 7 1 11 0 4
2 17 8 298 2 12 16 2 10 3 0
2 17 9 299 2 11 16 2 10 3 1
2 17 10 300 2 10 16 2 10 3 2
2 17 11 301 2 9 16 2 10 3 3
2 17 12 302 2 12 4 2 10 3 4
2 17 13 303 2 12 3 2 10 3 5
2 17 14 304 2 12 2 2 10 3 6
2 17 15 305 2 12 1 2 10 3 7
2 17 16 306 2 10 7 2 11 0 4
2 18 8 315 2 12 15 2 10 2 0
2 18 9 316 2 11 15 2 10 2 1
2 18 10 317 2 10 15 2 10 2 2
2 18 11 318 2 9 15 2 10 2 3
2 18 12 319 2 11 4 2 10 2 4
2 18 13 320 2 11 3 2 10 2 5
2 18 14 321 2 11 2 2 10 2 6
2 18 15 322 2 11 1 2 10 2 7
2 18 16 323 2 9 8 2 11 0 6
2 19 8 332 2 12 14 2 10 1 0
2 19 9 333 2 11 14 2 10 1 1
2 19 10 334 2 10 14 2 10 1 2
2 19 11 335 2 9 14 2 10 1 3
2 19 12 336 2 10 4 2 10 1 4
2 19 13 337 2 10 3 2 10 1 5
2 19 14 338 2 10 2 2 10 1 6
2 19 15 339 2 10 1 2 10 1 7
2 19 16 340 2 9 7 2 11 0 3
2 20 8 349 2 12 13 2 10 0 0
2 20 9 350 2 11 13 2 10 0 1
2 20 10 351 2 10 13 2 10 0 2
2 20 11 352 2 9 13 2 10 0 3
2 20 12 353 2 9 4 2 10 0 4
2 20 13 354 2 9 3 2 10 0 5
2 20 14 355 2 9 2 2 10 0 6
2 20 15 356 2 9 1 2 10 0 7
2 20 16 357 2 14 7 2 11 0 5
2 21 8 366 2 12 12 2 9 3 0
2 21 9 367 2 11 12 2 9 3 1
2 21 10 368 2 10 12 2 9 3 2
2 21 11 369 2 9 12 2 9 3 3
2 21 12 370 2 8 4 2 9 3 4
2 21 13 371 2 8 3 2 9 3 5
2 21 14 372 2 8 2 2 9 3 6
2 21 15 373 2 8 1 2 9 3 7
2 21 16 374 2 14 6 2 11 0 2
2 22 8 383 2 12 11 2 9 2 0
2 22 9 384 2 11 11 2 9 2 1
2 22 10 385 2 10 11 2 9 2 2
2 22 11 386 2 9 11 2 9 2 3
2 22 12 387 2 7 4 2 9 2 4
2 22 13 388 2 7 3 2 9 2 5
2 22 14 389 2 7 2 2 9 2 6
2 22 15 390 2 7 1 2 9 2 7
2 22 16 391 2 14 5 2 11 0 1
2 23 8 400 2 9 10 2 9 1 0
2 23 9 401 2 10 10 2 9 1 1
2 23 10 402 2 10 6 2 9 1 2
2 23 11 403 2 10 5 2 9 1 3
2 23 12 404 2 6 4 2 9 1 4
2 23 13 405 2 6 3 2 9 1 5
2 23 14 406 2 6 2 2 9 1 6
2 23 15 407 2 6 1 2 9 1 7
2 23 16 408 2 14 4 2 11 0 0
2 24 8 417 2 9 9 2 9 0 0
2 24 9 418 2 10 9 2 9 0 1
2 24 10 419 2 9 6 2 9 0 2
2 24 11 420 2 9 5 2 9 0 3
2 24 12 421 2 5 4 2 9 0 4
2 24 13 422 2 5 3 2 9 0 5
2 24 14 423 2 5 2 2 9 0 6
2 24 15 424 2 5 1 2 9 0 7
2 24 16 425 2 13 16 2 11 2 0
2 25 0 426 2 8 16 2 5 0 0
2 25 1 427 2 8 15 2 5 1 0
2 25 2 428 2 8 14 2 5 2 0
2 25 3 429 2 8 13 2 5 3 0
2 25 4 430 2 8 12 2 6 0 0
2 25 5 431 2 8 11 2 6 1 0
2 25 6 432 2 8 10 2 6 2 0
2 25 7 433 2 8 9 2 6 3 0
2 25 8 434 2 8 8 2 8 3 0
2 25 9 435 2 8 7 2 8 3 1
2 25 10 436 2 8 6 2 8 3 2
2 25 11 437 2 8 5 2 8 3 3
2 25 12 438 2 4 4 2 8 3 4
2 25 13 439 2 4 3 2 8 3 5
2 25 14 440 2 4 2 2 8 3 6
2 25 15 441 2 4 1 2 8 3 7
2 25 16 442 2 13 15 2 11 2 1
2 26 0 443 2 7 16 2 5 0 1
2 26 1 444 2 7 15 2 5 1 1
2 26 2 445 2 7 14 2 5 2 1
2 26 3 446 2 7 13 2 5 3 1
2 26 4 447 2 7 12 2 6 0 1
2 26 5 448 2 7 11 2 6 1 1
2 26 6 449 2 7 10 2 6 2 1
2 26 7 450 2 7 9 2 6 3 1
2 26 8 451 2 7 8 2 8 2 0
2 26 9 452 2 7 7 2 8 2 1
2 26 10 453 2 7 6 2 8 2 2
2 26 11 454 2 7 5 2 8 2 3
2 26 12 455 2 3 4 2 8 2 4
2 26 13 456 2 3 3 2 8 2 5
2 26 14 457 2 3 2 2 8 2 6
2 26 15 458 2 3 1 2 8 2 7
2 26 16 459 2 13 14 2 11 2 2
2 27 0 460 2 6 16 2 5 0 2
2 27 1 461 2 6 15 2 5 1 2
2 27 2 462 2 6 14 2 5 2 2
2 27 3 463 2 6 13 2 5 3 2
2 27 4 464 2 6 12 2 6 0 2
2 27 5 465 2 6 11 2 6 1 2
2 27 6 466 2 6 10 2 6 2 2
2 27 7 467 2 6 9 2 6 3 2
2 27 8 468 2 6 8 2 8 1 0
2 27 9 469 2 6 7 2 8 1 1
2 27 10 470 2 6 6 2 8 1 2
2 27 11 471 2 6 5 2 8 1 3
2 27 12 472 2 2 4 2 8 1 4
2 27 13 473 2 2 3 2 8 1 5
2 27 14 474 2 2 2 2 8 1 6
2 27 15 475 2 2 1 2 8 1 7
2 28 0 477 2 5 16 2 5 0 3
2 28 1 478 2 5 15 2 5 1 3
2 28 2 479 2 5 14 2 5 2 3
2 28 3 480 2 5 13 2 5 3 3
2 28 4 481 2 5 12 2 6 0 3
2 28 5 482 2 5 11 2 6 1 3
2 28 6 483 2 5 10 2 6 2 3
2 28 7 484 2 5 9 2 6 3 3
2 28 8 485 2 5 8 2 8 0 6
2 28 9 486 2 5 7 2 8 0 5
2 28 10 487 2 5 6 2 8 0 4
2 28 11 488 2 5 5 2 8 0 3
2 28 12 489 2 1 4 2 8 0 2
2 28 13 490 2 1 3 2 8 0 1
2 28 14 491 2 1 2 2 8 0 0
2 29 0 494 2 4 16 2 5 0 4
2 29 1 495 2 4 15 2 5 1 4
2 29 2 496 2 4 14 2 5 2 4
2 29 3 497 2 4 13 2 5 3 4
2 29 4 498 2 4 12 2 6 0 4
2 29 5 499 2 4 11 2 6 1 4
2 29 6 500 2 4 10 2 6 2 4
2 29 7 501 2 4 9 2 6 3 4
2 29 8 502 2 4 8 2 7 3 3
2 29 9 503 2 4 7 2 7 3 2
2 29 10 504 2 4 6 2 7 3 1
2 29 11 505 2 4 5 2 7 3 0
2 29 12 506 2 13 12 2 11 2 4
2 29 13 507 2 13 13 2 11 2 3
2 30 0 511 2 3 16 2 5 0 5
2 30 1 512 2 3 15 2 5 1 5
2 30 2 513 2 3 14 2 5 2 5
2 30 3 514 2 3 13 2 5 3 5
2 30 4 515 2 3 12 2 6 0 5
2 30 5 516 2 3 11 2 6 1 5
2 30 6 517 2 3 10 2 6 2 5
2 30 7 518 2 3 9 2 6 3 5
2 30 8 519 2 3 8 2 7 2 3
2 30 9 520 2 3 7 2 7 2 2
2 30 10 521 2 3 6 2 7 2 1
2 30 11 522 2 3 5 2 7 2 0
2 30 12 523 2 13 11 2 11 2 5
2 31 0 528 2 2 16 2 5 0 6
2 31 1 529 2 2 15 2 5 1 6
2 31 2 530 2 2 14 2 5 2 6
2 31 3 531 2 2 13 2 5 3 6
2 31 4 532 2 2 12 2 6 0 6
2 31 5 533 2 2 11 2 6 1 6
2 31 6 534 2 2 10 2 6 2 6
2 31 7 535 2 2 9 2 6 3 6
2 31 8 536 2 2 8 2 7 1 3
2 31 9 537 2 2 7 2 7 1 2
2 31 10 538 2 2 6 2 7 1 1
2 31 11 539 2 2 5 2 7 1 0
2 32 0 545 2 1 16 2 5 0 7
2 32 1 546 2 1 15 2 5 1 7
2 32 2 547 2 1 14 2 5 2 7
2 32 3 548 2 1 13 2 5 3 7
2 32 4 549 2 1 12 2 6 0 7
2 32 5 550 2 1 11 2 6 1 7
2 32 6 551 2 1 10 2 6 2 7
2 32 7 552 2 1 9 2 6 3 7
2 32 8 553 2 1 8 2 7 0 2
2 32 9 554 2 1 7 2 7 0 1
2 32 10 555 2 1 6 2 7 0 0
2 33 0 562 2 13 10 2 11 2 6
2 33 1 563 2 13 9 2 11 2 7
2 33 2 564 2 13 8 2 11 1 0
2 33 3 565 2 13 7 2 11 1 1
2 33 4 566 2 13 6 2 11 1 2
2 33 5 567 2 13 5 2 11 1 3
2 33 6 568 2 13 4 2 11 1 4
2 33 7 569 2 13 3 2 11 1 5
2 33 8 570 2 13 2 2 11 1 6
2 33 9 571 2 13 1 2 11 1 7
3 0 0 1 1 1 16 3 1 0 6
3 0 1 2 1 1 15 3 1 1 6
3 0 2 3 1 1 14 3 1 2 6
3 0 3 4 1 1 13 3 1 3 6
3 0 4 5 1 1 12 3 2 0 0
3 0 5 6 1 1 11 3 2 0 1
3 0 6 7 1 1 10 3 2 0 2
3 0 7 8 1 1 9 3 2 0 3
3 0 8 9 1 1 8 3 2 0 4
3 0 9 10 1 1 7 3 2 0 5
3 0 10 11 1 1 6 3 2 0 6
3 0 11 12 1 1 5 3 2 0 7
3 1 0 13 1 2 16 3 1 0 5
3 1 1 14 1 2 15 3 1 1 5
3 1 2 15 1 2 14 3 1 2 5
3 1 3 16 1 2 13 3 1 3 5
3 1 4 17 1 2 12 3 2 1 0
3 1 5 18 1 2 11 3 2 1 1
3 1 6 19 1 2 10 3 2 1 2
3 1 7 20 1 2 9 3 2 1 3
3 1 8 21 1 2 8 3 2 1 4
3 1 9 22 1 2 7 3 2 1 5
3 1 10 23 1 2 6 3 2 1 6
3 1 11 24 1 2 5 3 2 1 7
3 2 0 25 1 3 16 3 1 0 4
3 2 1 26 1 3 15 3 1 1 4
3 2 2 27 1 3 14 3 1 2 4
3 2 3 28 1 3 13 3 1 3 4
3 2 4 29 1 3 12 3 2 2 0
3 2 5 30 1 3 11 3 2 2 1
3 2 6 31 1 3 10 3 2 2 2
3 2 7 32 1 3 9 3 2 2 3
3 2 8 33 1 3 8 3 2 2 4
3 2 9 34 1 3 7 3 2 2 5
3 2 10 35 1 3 6 3 2 2 6
3 2 11 36 1 3 5 3 2 2 7
3 3 0 37 1 4 16 3 1 0 3
3 3 1 38 1 4 15 3 1 1 3
3 3 2 39 1 4 14 3 1 2 3
3 3 3 40 1 4 13 3 1 3 3
3 3 4 41 1 4 12 3 2 3 0
3 3 5 42 1 4 11 3 2 3 1
3 3 6 43 1 4 10 3 2 3 2
3 3 7 44 1 4 9 3 2 3 3
3 3 8 45 1 4 8 3 2 3 4
3 3 9 46 1 4 7 3 2 3 5
3 3 10 47 1 4 6 3 2 3 6
3 3 11 48 1 4 5 3 2 3 7
3 4 0 49 1 5 16 3 1 0 2
3 4 1 50 1 5 15 3 1 1 2
3 4 2 51 1 5 14 3 1 2 2
3 4 3 52 1 5 13 3 1 3 2
3 4 4 53 1 5 12 3 3 0 0
3 4 5 54 1 5 11 3 3 0 1
3 4 6 55 1 5 10 3 3 0 2
3 4 7 56 1 5 9 3 3 0 3
3 4 8 57 1 5 8 3 3 0 4
3 4 9 58 1 5 7 3 3 0 5
3 4 10 59 1 5 6 3 3 0 6
3 4 11 60 1 5 5 3 3 0 7
3 5 0 61 1 6 16 3 1 0 1
3 5 1 62 1 6 15 3 1 1 1
3 5 2 63 1 6 14 3 1 2 1
3 5 3 64 1 6 13 3 1 3 1
3 5 4 65 1 6 12 3 3 1 0
3 5 5 66 1 6 11 3 3 1 1
3 5 6 67 1 6 10 3 3 1 2
3 5 7 68 1 6 9 3 3 1 3
3 5 8 69 1 6 8 3 3 1 4
3 5 9 70 1 6 7 3 3 1 5
3 5 10 71 1 6 6 3 3 1 6
3 5 11 72 1 6 5 3 3 1 7
3 6 0 73 1 11 8 3 1 0 0
3 6 1 74 1 10 5 3 1 1 0
3 6 2 75 1 10 6 3 1 2 0
3 6 3 76 1 10 7 3 1 3 0
3 6 4 77 1 10 8 3 3 2 0
3 6 5 78 1 10 9 3 3 2 1
3 6 6 79 1 7 8 3 3 2 2
3 6 7 80 1 7 9 3 3 2 3
3 6 8 81 1 7 10 3 3 2 4
3 6 9 82 1 7 1 3 3 2 5
3 6 10 83 1 7 2 3 3 2 6
3 6 11 84 1 7 3 3 3 2 7
3 7 5 90 1 9 5 3 3 3 1
3 7 6 91 1 7 11 3 3 3 2
3 7 7 92 1 7 12 3 3 3 3
3 7 8 93 1 7 13 3 3 3 4
3 7 9 94 1 6 1 3 3 3 5
3 7 10 95 1 6 2 3 3 3 6
3 7 11 96 1 6 3 3 3 3 7
3 8 5 102 1 9 6 3 4 0 0
3 8 6 103 1 7 14 3 4 0 1
3 8 7 104 1 7 15 3 4 0 2
3 8 8 105 1 7 16 3 4 0 3
3 8 9 106 1 5 1 3 4 0 4
3 8 10 107 1 5 2 3 4 0 5
3 8 11 108 1 5 3 3 4 0 6
3 9 5 114 1 9 7 3 4 1 0
3 9 6 115 1 4 1 3 4 1 1
3 9 7 116 1 4 2 3 4 1 2
3 9 8 117 1 4 3 3 4 1 3
3 9 9 118 1 3 1 3 4 1 4
3 9 10 119 1 3 2 3 4 1 5
3 9 11 120 1 3 3 3 4 1 6
3 10 5 126 1 9 8 3 4 2 0
3 10 6 127 1 2 1 3 4 2 1
3 10 7 128 1 2 2 3 4 2 2
3 10 8 129 1 2 3 3 4 2 3
3 10 9 130 1 1 1 3 4 2 4
3 10 10 131 1 1 2 3 4 2 5
3 10 11 132 1 1 3 3 4 2 6
3 11 5 138 1 9 9 3 4 3 0
3 11 6 139 1 6 4 3 4 3 1
3 11 7 140 1 5 4 3 4 3 2
3 11 8 141 1 4 4 3 4 3 3
3 11 9 142 1 3 4 3 4 3 4
3 11 10 143 1 2 4 3 4 3 5
3 11 11 144 1 1 4 3 4 3 6
3 12 5 150 2 12 9 4 4 3 1
3 12 6 151 2 15 4 4 4 3 2
3 12 7 152 2 16 4 4 4 3 3
3 12 8 153 2 17 4 4 4 3 4
3 12 9 154 2 18 4 4 4 3 5
3 12 10 155 2 19 4 4 4 3 6
3 12 11 156 2 20 4 4 4 3 7
3 13 5 162 2 12 8 4 4 2 0
3 13 6 163 2 19 1 4 4 2 1
3 13 7 164 2 19 2 4 4 2 2
3 13 8 165 2 19 3 4 4 2 3
3 13 9 166 2 20 1 4 4 2 4
3 13 10 167 2 20 2 4 4 2 5
3 13 11 168 2 20 3 4 4 2 6
3 14 5 174 2 12 7 4 4 1 0
3 14 6 175 2 17 1 4 4 1 1
3 14 7 176 2 17 2 4 4 1 2
3 14 8 177 2 17 3 4 4 1 3
3 14 9 178 2 18 1 4 4 1 4
3 14 10 179 2 18 2 4 4 1 5
3 14 11 180 2 18 3 4 4 1 6
3 15 5 186 2 12 6 4 4 0 0
3 15 6 187 2 14 14 4 4 0 1
3 15 7 188 2 14 15 4 4 0 2
3 15 8 189 2 14 16 4 4 0 3
3 15 9 190 2 16 1 4 4 0 4
3 15 10 191 2 16 2 4 4 0 5
3 15 11 192 2 16 3 4 4 0 6
3 16 5 198 2 12 5 4 3 3 1
3 16 6 199 2 14 11 4 3 3 2
3 16 7 200 2 14 12 4 3 3 3
3 16 8 201 2 14 13 4 3 3 4
3 16 9 202 2 15 1 4 3 3 5
3 16 10 203 2 15 3 4 3 3 6
3 16 11 204 2 15 2 4 3 3 7
3 17 0 205 2 10 8 4 1 0 0
3 17 1 206 2 11 5 4 1 1 0
3 17 2 207 2 11 6 4 1 2 0
3 17 3 208 2 11 7 4 1 3 0
3 17 4 209 2 11 8 4 3 2 0
3 17 5 210 2 11 9 4 3 2 1
3 17 6 211 2 14 8 4 3 2 2
3 17 7 212 2 14 9 4 3 2 3
3 17 8 213 2 14 10 4 3 2 4
3 17 9 214 2 14 1 4 3 2 5
3 17 10 215 2 14 2 4 3 2 6
3 17 11 216 2 14 3 4 3 2 7
3 18 0 217 2 15 16 4 1 0 1
3 18 1 218 2 15 15 4 1 1 1
3 18 2 219 2 15 14 4 1 2 1
3 18 3 220 2 15 13 4 1 3 1
3 18 4 221 2 15 12 4 3 1 0
3 18 5 222 2 15 11 4 3 1 1
3 18 6 223 2 15 10 4 3 1 2
3 18 7 224 2 15 9 4 3 1 3
3 18 8 225 2 15 8 4 3 1 4
3 18 9 226 2 15 7 4 3 1 5
3 18 10 227 2 15 6 4 3 1 6
3 18 11 228 2 15 5 4 3 1 7
3 19 0 229 2 16 16 4 1 0 2
3 19 1 230 2 16 15 4 1 1 2
3 19 2 231 2 16 14 4 1 2 2
3 19 3 232 2 16 13 4 1 3 2
3 19 4 233 2 16 12 4 3 0 0
3 19 5 234 2 16 11 4 3 0 1
3 19 6 235 2 16 10 4 3 0 2
3 19 7 236 2 16 9 4 3 0 3
3 19 8 237 2 16 8 4 3 0 4
3 19 9 238 2 16 7 4 3 0 5
3 19 10 239 2 16 6 4 3 0 6
3 19 11 240 2 16 5 4 3 0 7
3 20 0 241 2 17 16 4 1 0 3
3 20 1 242 2 17 15 4 1 1 3
3 20 2 243 2 17 14 4 1 2 3
3 20 3 244 2 17 13 4 1 3 3
3 20 4 245 2 17 12 4 2 3 0
3 20 5 246 2 17 11 4 2 3 1
3 20 6 247 2 17 10 4 2 3 2
3 20 7 248 2 17 9 4 2 3 3
3 20 8 249 2 17 8 4 2 3 4
3 20 9 250 2 17 7 4 2 3 5
3 20 10 251 2 17 6 4 2 3 6
3 20 11 252 2 17 5 4 2 3 7
3 21 0 253 2 18 16 4 1 0 4
3 21 1 254 2 18 15 4 1 1 4
3 21 2 255 2 18 14 4 1 2 4
3 21 3 256 2 18 13 4 1 3 4
3 21 4 257 2 18 12 4 2 2 0
3 21 5 258 2 18 11 4 2 2 1
3 21 6 259 2 18 10 4 2 2 2
3 21 7 260 2 18 9 4 2 2 3
3 21 8 261 2 18 8 4 2 2 4
3 21 9 262 2 18 7 4 2 2 5
3 21 10 263 2 18 6 4 2 2 6
3 21 11 264 2 18 5 4 2 2 7
3 22 0 265 2 19 16 4 1 0 5
3 22 1 266 2 19 15 4 1 1 5
3 22 2 267 2 19 14 4 1 2 5
3 22 3 268 2 19 13 4 1 3 5
3 22 4 269 2 19 12 4 2 1 0
3 22 5 270 2 19 11 4 2 1 1
3 22 6 271 2 19 10 4 2 1 2
3 22 7 272 2 19 9 4 2 1 3
3 22 8 273 2 19 8 4 2 1 4
3 22 9 274 2 19 7 4 2 1 5
3 22 10 275 2 19 6 4 2 1 6
3 22 11 276 2 19 5 4 2 1 7
3 23 0 277 2 20 16 4 1 0 6
3 23 1 278 2 20 15 4 1 1 6
3 23 2 279 2 20 14 4 1 2 6
3 23 3 280 2 20 13 4 1 3 6
3 23 4 281 2 20 12 4 2 0 0
3 23 5 282 2 20 11 4 2 0 1
3 23 6 283 2 20 10 4 2 0 2
3 23 7 284 2 20 9 4 2 0 3
3 23 8 285 2 20 8 4 2 0 4
3 23 9 286 2 20 7 4 2 0 5
3 23 10 287 2 20 6 4 2 0 6
3 23 11 288 2 20 5 4 2 0 7
4 0 0 1 1 1 16 1 1 0 6
4 0 1 2 1 1 15 1 1 1 6
4 0 2 3 1 1 14 1 1 2 6
4 0 3 4 1 1 13 1 1 3 6
4 0 4 5 1 1 12 1 2 0 0
4 0 5 6 1 1 11 1 2 0 1
4 0 6 7 1 1 10 1 2 0 2
4 0 7 8 1 1 9 1 2 0 3
4 0 8 9 1 1 8 1 2 0 4
4 0 9 10 1 1 7 1 2 0 5
4 0 10 11 1 1 6 1 2 0 6
4 0 11 12 1 1 5 1 2 0 7
4 1 0 13 1 2 16 1 1 0 5
4 1 1 14 1 2 15 1 1 1 5
4 1 2 15 1 2 14 1 1 2 5
4 1 3 16 1 2 13 1 1 3 5
4 1 4 17 1 2 12 1 2 1 0
4 1 5 18 1 2 11 1 2 1 1
4 1 6 19 1 2 10 1 2 1 2
4 1 7 20 1 2 9 1 2 1 3
4 1 8 21 1 2 8 1 2 1 4
4 1 9 22 1 2 7 1 2 1 5
4 1 10 23 1 2 6 1 2 1 6
4 1 11 24 1 2 5 1 2 1 7
4 2 0 25 1 3 16 1 1 0 4
4 2 1 26 1 3 15 1 1 1 4
4 2 2 27 1 3 14 1 1 2 4
4 2 3 28 1 3 13 1 1 3 4
4 2 4 29 1 3 12 1 2 2 0
4 2 5 30 1 3 11 1 2 2 1
4 2 6 31 1 3 10 1 2 2 2
4 2 7 32 1 3 9 1 2 2 3
4 2 8 33 1 3 8 1 2 2 4
4 2 9 34 1 3 7 1 2 2 5
4 2 10 35 1 3 6 1 2 2 6
4 2 11 36 1 3 5 1 2 2 7
4 3 0 37 1 4 16 1 1 0 3
4 3 1 38 1 4 15 1 1 1 3
4 3 2 39 1 4 14 1 1 2 3
4 3 3 40 1 4 13 1 1 3 3
4 3 4 41 1 4 12 1 2 3 0
4 3 5 42 1 4 11 1 2 3 1
4 3 6 43 1 4 10 1 2 3 2
4 3 7 44 1 4 9 1 2 3 3
4 3 8 45 1 4 8 1 2 3 4
4 3 9 46 1 4 7 1 2 3 5
4 3 10 47 1 4 6 1 2 3 6
4 3 11 48 1 4 5 1 2 3 7
4 4 0 49 1 5 16 1 1 0 2
4 4 1 50 1 5 15 1 1 1 2
4 4 2 51 1 5 14 1 1 2 2
4 4 3 52 1 5 13 1 1 3 2
4 4 4 53 1 5 12 1 3 0 0
4 4 5 54 1 5 11 1 3 0 1
4 4 6 55 1 5 10 1 3 0 2
4 4 7 56 1 5 9 1 3 0 3
4 4 8 57 1 5 8 1 3 0 4
4 4 9 58 1 5 7 1 3 0 5
4 4 10 59 1 5 6 1 3 0 6
4 4 11 60 1 5 5 1 3 0 7
4 5 0 61 1 6 16 1 1 0 1
4 5 1 62 1 6 15 1 1 1 1
4 5 2 63 1 6 14 1 1 2 1
4 5 3 64 1 6 13 1 1 3 1
4 5 4 65 1 6 12 1 3 1 0
4 5 5 66 1 6 11 1 3 1 1
4 5 6 67 1 6 10 1 3 1 2
4 5 7 68 1 6 9 1 3 1 3
4 5 8 69 1 6 8 1 3 1 4
4 5 9 70 1 6 7 1 3 1 5
4 5 10 71 1 6 6 1 3 1 6
4 5 11 72 1 6 5 1 3 1 7
4 6 0 73 1 11 8 1 1 0 0
4 6 1 74 1 10 5 1 1 1 0
4 6 2 75 1 10 6 1 1 2 0
4 6 3 76 1 10 7 1 1 3 0
4 6 4 77 1 10 8 1 3 2 0
4 6 5 78 1 10 9 1 3 2 1
4 6 6 79 1 7 8 1 3 2 2
4 6 7 80 1 7 9 1 3 2 3
4 6 8 81 1 7 10 1 3 2 4
4 6 9 82 1 7 1 1 3 2 5
4 6 10 83 1 7 2 1 3 2 6
4 6 11 84 1 7 3 1 3 2 7
4 7 5 90 1 9 5 1 3 3 1
4 7 6 91 1 7 11 1 3 3 2
4 7 7 92 1 7 12 1 3 3 3
4 7 8 93 1 7 13 1 3 3 4
4 7 9 94 1 6 1 1 3 3 5
4 7 10 95 1 6 2 1 3 3 6
4 7 11 96 1 6 3 1 3 3 7
4 8 5 102 1 9 6 1 4 0 0
4 8 6 103 1 7 14 1 4 0 1
4 8 7 104 1 7 15 1 4 0 2
4 8 8 105 1 7 16 1 4 0 3
4 8 9 106 1 5 1 1 4 0 4
4 8 10 107 1 5 2 1 4 0 5
4 8 11 108 1 5 3 1 4 0 6
4 9 5 114 1 9 7 1 4 1 0
4 9 6 115 1 4 1 1 4 1 1
4 9 7 116 1 4 2 1 4 1 2
4 9 8 117 1 4 3 1 4 1 3
4 9 9 118 1 3 1 1 4 1 4
4 9 10 119 1 3 2 1 4 1 5
4 9 11 120 1 3 3 1 4 1 6
4 10 5 126 1 9 8 1 4 2 0
4 10 6 127 1 2 1 1 4 2 1
4 10 7 128 1 2 2 1 4 2 2
4 10 8 129 1 2 3 1 4 2 3
4 10 9 130 1 1 1 1 4 2 4
4 10 10 131 1 1 2 1 4 2 5
4 10 11 132 1 1 3 1 4 2 6
4 11 5 138 1 9 9 1 4 3 0
4 11 6 139 1 6 4 1 4 3 1
4 11 7 140 1 5 4 1 4 3 2
4 11 8 141 1 4 4 1 4 3 3
4 11 9 142 1 3 4 1 4 3 4
4 11 10 143 1 2 4 1 4 3 5
4 11 11 144 1 1 4 1 4 3 6
4 12 5 150 2 12 9 2 4 3 1
4 12 6 151 2 15 4 2 4 3 2
4 12 7 152 2 16 4 2 4 3 3
4 12 8 153 2 17 4 2 4 3 4
4 12 9 154 2 18 4 2 4 3 5
4 12 10 155 2 19 4 2 4 3 6
4 12 11 156 2 20 4 2 4 3 7
4 13 5 162 2 12 8 2 4 2 0
4 13 6 163 2 19 1 2 4 2 1
4 13 7 164 2 19 2 2 4 2 2
4 13 8 165 2 19 3 2 4 2 3
4 13 9 166 2 20 1 2 4 2 4
4 13 10 167 2 20 2 2 4 2 5
4 13 11 168 2 20 3 2 4 2 6
4 14 5 174 2 12 7 2 4 1 0
4 14 6 175 2 17 1 2 4 1 1
4 14 7 176 2 17 2 2 4 1 2
4 14 8 177 2 17 3 2 4 1 3
4 14 9 178 2 18 1 2 4 1 4
4 14 10 179 2 18 2 2 4 1 5
4 14 11 180 2 18 3 2 4 1 6
4 15 5 186 2 12 6 2 4 0 0
4 15 6 187 2 14 14 2 4 0 1
4 15 7 188 2 14 15 2 4 0 2
4 15 8 189 2 14 16 2 4 0 3
4 15 9 190 2 16 1 2 4 0 4
4 15 10 191 2 16 2 2 4 0 5
4 15 11 192 2 16 3 2 4 0 6
4 16 5 198 2 12 5 2 3 3 1
4 16 6 199 2 14 11 2 3 3 2
4 16 7 200 2 14 12 2 3 3 3
4 16 8 201 2 14 13 2 3 3 4
4 16 9 202 2 15 1 2 3 3 5
4 16 10 203 2 15 2 2 3 3 6
4 16 11 204 2 15 3 2 3 3 7
4 17 0 205 2 10 8 2 1 0 0
4 17 1 206 2 11 5 2 1 1 0
4 17 2 207 2 11 6 2 1 2 0
4 17 3 208 2 11 7 2 1 3 0
4 17 4 209 2 11 8 2 3 2 0
4 17 5 210 2 11 9 2 3 2 1
4 17 6 211 2 14 8 2 3 2 2
4 17 7 212 2 14 9 2 3 2 3
4 17 8 213 2 14 10 2 3 2 4
4 17 9 214 2 14 1 2 3 2 5
4 17 10 215 2 14 2 2 3 2 6
4 17 11 216 2 14 3 2 3 2 7
4 18 0 217 2 15 16 2 1 0 1
4 18 1 218 2 15 15 2 1 1 1
4 18 2 219 2 15 14 2 1 2 1
4 18 3 220 2 15 13 2 1 3 1
4 18 4 221 2 15 12 2 3 1 0
4 18 5 222 2 15 11 2 3 1 1
4 18 6 223 2 15 10 2 3 1 2
4 18 7 224 2 15 9 2 3 1 3
4 18 8 225 2 15 8 2 3 1 4
4 18 9 226 2 15 7 2 3 1 5
4 18 10 227 2 15 6 2 3 1 6
4 18 11 228 2 15 5 2 3 1 7
4 19 0 229 2 16 16 2 1 0 2
4 19 1 230 2 16 15 2 1 1 2
4 19 2 231 2 16 14 2 1 2 2
4 19 3 232 2 16 13 2 1 3 2
4 19 4 233 2 16 12 2 3 0 0
4 19 5 234 2 16 11 2 3 0 1
4 19 6 235 2 16 10 2 3 0 2
4 19 7 236 2 16 9 2 3 0 3
4 19 8 237 2 16 8 2 3 0 4
4 19 9 238 2 16 7 2 3 0 5
4 19 10 239 2 16 6 2 3 0 6
4 19 11 240 2 16 5 2 3 0 7
4 20 0 241 2 17 16 2 1 0 3
4 20 1 242 2 17 15 2 1 1 3
4 20 2 243 2 17 14 2 1 2 3
4 20 3 244 2 17 13 2 1 3 3
4 20 4 245 2 17 12 2 2 3 0
4 20 5 246 2 17 11 2 2 3 1
4 20 6 247 2 17 10 2 2 3 2
4 20 7 248 2 17 9 2 2 3 3
4 20 8 249 2 17 8 2 2 3 4
4 20 9 250 2 17 7 2 2 3 5
4 20 10 251 2 17 6 2 2 3 6
4 20 11 252 2 17 5 2 2 3 7
4 21 0 253 2 18 16 2 1 0 4
4 21 1 254 2 18 15 2 1 1 4
4 21 2 255 2 18 14 2 1 2 4
4 21 3 256 2 18 13 2 1 3 4
4 21 4 257 2 18 12 2 2 2 0
4 21 5 258 2 18 11 2 2 2 1
4 21 6 259 2 18 10 2 2 2 2
4 21 7 260 2 18 9 2 2 2 3
4 21 8 261 2 18 8 2 2 2 4
4 21 9 262 2 18 7 2 2 2 5
4 21 10 263 2 18 6 2 2 2 6
4 21 11 264 2 18 5 2 2 2 7
4 22 0 265 2 19 16 2 1 0 5
4 22 1 266 2 19 15 2 1 1 5
4 22 2 267 2 19 14 2 1 2 5
4 22 3 268 2 19 13 2 1 3 5
4 22 4 269 2 19 12 2 2 1 0
4 22 5 270 2 19 11 2 2 1 1
4 22 6 271 2 19 10 2 2 1 2
4 22 7 272 2 19 9 2 2 1 3
4 22 8 273 2 19 8 2 2 1 4
4 22 9 274 2 19 7 2 2 1 5
4 22 10 275 2 19 6 2 2 1 6
4 22 11 276 2 19 5 2 2 1 7
4 23 0 277 2 20 16 2 1 0 6
4 23 1 278 2 20 15 2 1 1 6
4 23 2 279 2 20 14 2 1 2 6
4 23 3 280 2 20 13 2 1 3 6
4 23 4 281 2 20 12 2 2 0 0
4 23 5 282 2 20 11 2 2 0 1
4 23 6 283 2 20 10 2 2 0 2
4 23 7 284 2 20 9 2 2 0 3
4 23 8 285 2 20 8 2 2 0 4
4 23 9 286 2 20 7 2 2 0 5
4 23 10 287 2 20 6 2 2 0 6
4 23 11 288 2 20 5 2 2 0 7
