(0, 0) -1428 (1, 1)
(0, 1) -1551 (2, 1)
(0, 2) -1527 (1, 2)
(0, 3) -1485 (2, 2)
(0, 4) -1400 (1, 3)
(0, 5) -1443 (2, 3)
(0, 6) -1400 (1, 4)
(0, 9) -1431 (2, 5)
(0, 10) -1400 (1, 6)
(0, 11) -1508 (2, 6)
(0, 12) -1482 (1, 7)
(0, 13) -1341 (2, 7)
(0, 14) -1449 (1, 8)
(1, 0) -1544 (2, 8)
(1, 1) -1466 (1, 9)
(1, 2) -1475 (2, 9)
(1, 3) -1566 (1, 10)
(1, 4) -1413 (2, 10)
(1, 5) -1402 (1, 11)
(1, 6) -1388 (2, 11)
(1, 9) -1400 (1, 13)
(1, 10) -1392 (2, 13)
(1, 11) -1373 (1, 14)
(1, 12) -1389 (2, 14)
(1, 13) -1400 (1, 15)
(1, 14) -1457 (2, 15)
(2, 0) -1424 (1, 16)
(2, 1) -1407 (2, 16)
(2, 2) -1406 (1, 17)
(2, 3) -1400 (2, 17)
(2, 4) -1463 (1, 18)
(2, 5) -1444 (2, 18)
(2, 6) -1509 (1, 19)
(2, 9) -1493 (2, 20)
(2, 10) -1400 (1, 21)
(2, 11) -1441 (2, 21)
(2, 12) -1394 (1, 22)
(2, 14) -1423 (1, 23)
(3, 0) -1400 (2, 23)
(3, 1) -1400 (1, 24)
(3, 2) -1429 (2, 24)
(3, 3) -1288 (1, 25)
(3, 4) -1400 (2, 25)
(3, 5) -1396 (1, 26)
(3, 6) -1422 (2, 26)
(3, 9) -1345 (1, 28)
(3, 10) -1432 (2, 28)
(3, 11) -1425 (1, 29)
(3, 12) -1425 (2, 29)
(3, 13) -1384 (1, 30)
(3, 14) -1402 (2, 30)
(4, 0) -1389 (1, 31)
(4, 1) -1178 (2, 31)
(4, 2) -1426 (1, 32)
(4, 3) -1148 (2, 32)
(4, 4) -1393 (1, 33)
(4, 5) -1407 (2, 33)
(4, 6) -1416 (1, 34)
(4, 9) -1373 (2, 35)
(4, 10) -1320 (1, 36)
(4, 11) -1508 (2, 36)
(4, 12) -1375 (1, 37)
(4, 13) -1376 (2, 37)
(4, 14) -1419 (1, 38)
(5, 0) -1435 (2, 38)
(5, 1) -1400 (1, 39)
(5, 2) -1130 (2, 39)
(5, 3) -1523 (1, 40)
(5, 4) -1405 (2, 40)
(5, 5) -1400 (1, 41)
(5, 6) -1496 (2, 41)
(5, 9) -1323 (1, 43)
(5, 10) -1417 (2, 43)
(5, 11) -1368 (1, 44)
(5, 12) -1442 (2, 44)
(5, 13) -1571 (1, 45)
(5, 14) -1384 (2, 45)
(6, 0) -1372 (1, 46)
(6, 1) -1464 (2, 46)
(6, 2) -1400 (1, 47)
(6, 3) -1416 (2, 47)
(6, 4) -1545 (1, 48)
(6, 5) -1400 (2, 48)
(6, 6) -1400 (1, 49)
(6, 9) -1400 (2, 50)
(6, 10) -1400 (1, 51)
(6, 11) -1400 (2, 51)
(6, 12) -1468 (1, 52)
(6, 13) -1398 (2, 52)
(6, 14) -1400 (1, 53)
(7, 0) -1391 (2, 53)
(7, 1) -1147 (1, 54)
(7, 2) -1400 (2, 54)
(7, 3) -1400 (1, 55)
(7, 4) -1459 (2, 55)
(7, 5) -1557 (1, 56)
(7, 6) -1323 (2, 56)
(7, 9) -1358 (1, 58)
(7, 10) -1474 (2, 58)
(7, 11) -1395 (1, 59)
(7, 12) -1527 (2, 59)
(7, 13) -1396 (1, 60)
(7, 14) -1400 (2, 60)
(8, 0) -1414 (1, 61)
(8, 1) -1350 (2, 61)
(8, 2) -1400 (1, 62)
(8, 3) -1573 (2, 62)
(8, 4) -1400 (1, 63)
(8, 5) -1424 (2, 63)
(8, 6) -1387 (1, 64)
(8, 9) -1416 (2, 65)
(8, 10) -1400 (1, 66)
(8, 11) -1340 (2, 66)
(8, 12) -1400 (1, 67)
(8, 13) -1376 (2, 67)
(8, 14) -1368 (1, 68)
(9, 0) -1434 (2, 68)
(9, 1) -1449 (1, 69)
(9, 2) -1502 (2, 69)
(9, 3) -1425 (1, 70)
(9, 4) -1557 (2, 70)
(9, 5) -1400 (1, 71)
(9, 6) -1475 (2, 71)
(9, 9) -1524 (1, 73)
(9, 10) -1470 (2, 73)
(9, 11) -1373 (1, 74)
(9, 12) -1400 (2, 74)
(9, 13) -1493 (1, 75)
(9, 14) -1546 (2, 75)
(10, 0) -1391 (1, 76)
(10, 1) -1400 (2, 76)
(10, 2) -1429 (1, 77)
(10, 3) -1350 (2, 77)
(10, 4) -1400 (1, 78)
(10, 5) -1122 (2, 78)
(10, 6) -1400 (1, 79)
(10, 9) -1414 (2, 80)
(10, 10) -1486 (1, 81)
(10, 11) -1400 (2, 81)
(10, 12) -1500 (1, 82)
(10, 13) -1423 (2, 82)
(10, 14) -1371 (1, 83)
(11, 0) -1400 (2, 83)
(11, 1) -1559 (1, 84)
(11, 2) -1526 (2, 84)
(11, 3) -1515 (1, 85)
(11, 4) -1484 (2, 85)
(11, 5) -1540 (1, 86)
(11, 6) -1392 (2, 86)
(11, 9) -1545 (1, 88)
(11, 10) -1528 (2, 88)
(11, 11) -1509 (1, 89)
(11, 12) -1496 (2, 89)
(11, 13) -1440 (1, 90)
(11, 14) -1122 (2, 90)
(12, 0) -1340 (1, 91)
(12, 1) -1492 (2, 91)
(12, 2) -1430 (1, 92)
(12, 3) -1400 (2, 92)
(12, 4) -1476 (1, 93)
(12, 5) -1428 (2, 93)
(12, 6) -1306 (1, 94)
(12, 9) -1087 (2, 95)
(12, 10) -1391 (1, 96)
(12, 11) -1262 (2, 96)
(12, 12) -1414 (1, 97)
(12, 13) -1386 (2, 97)
(12, 14) -1114 (1, 98)
(13, 0) -1505 (2, 98)
(13, 1) -1456 (1, 99)
(13, 2) -1417 (2, 99)
(13, 3) -1383 (1, 100)
(13, 4) -1378 (2, 100)
(13, 5) -1375 (1, 101)
(13, 6) -1379 (2, 101)
(13, 9) -1480 (1, 103)
(13, 10) -1427 (2, 103)
(13, 11) -1450 (1, 104)
(13, 12) -1461 (2, 104)
(13, 13) -1381 (1, 105)
(13, 14) -1397 (2, 105)
(14, 0) -1519 (1, 106)
(14, 1) -1378 (2, 106)
(14, 2) -1459 (1, 107)
(14, 3) -1368 (2, 107)
(14, 4) -1373 (1, 108)
(14, 5) -1087 (2, 108)
(14, 6) -1400 (1, 109)
(14, 9) -1400 (2, 110)
(14, 10) -1441 (1, 111)
(14, 11) -1432 (2, 111)
(14, 12) -1437 (1, 112)
(14, 13) -1500 (2, 112)
(14, 14) -1423 (1, 113)
(15, 0) -1387 (2, 113)
(15, 1) -1400 (1, 114)
(15, 2) -1370 (2, 114)
