(0, 0) -1432 (1, 1)
(0, 1) -1400 (2, 1)
(0, 2) -1442 (1, 2)
(0, 3) -1499 (2, 2)
(0, 4) -1394 (1, 3)
(0, 5) -1400 (2, 3)
(0, 6) -1381 (1, 4)
(0, 9) -1378 (2, 5)
(0, 10) -1411 (1, 6)
(0, 11) -1378 (2, 6)
(0, 12) -1444 (1, 7)
(0, 13) -1410 (2, 7)
(0, 14) -1451 (1, 8)
(1, 0) -1401 (2, 8)
(1, 1) -1417 (1, 9)
(1, 2) -1366 (2, 9)
(1, 3) -1387 (1, 10)
(1, 4) -1385 (2, 10)
(1, 5) -1439 (1, 11)
(1, 6) -1420 (2, 11)
(1, 9) -1380 (1, 13)
(1, 10) -1400 (2, 13)
(1, 11) -1372 (1, 14)
(1, 12) -1406 (2, 14)
(1, 13) -1400 (1, 15)
(1, 14) -1434 (2, 15)
(2, 0) -1095 (1, 16)
(2, 1) -1381 (2, 16)
(2, 2) -1400 (1, 17)
(2, 3) -1400 (2, 17)
(2, 4) -1410 (1, 18)
(2, 5) -1411 (2, 18)
(2, 6) -1334 (1, 19)
(2, 9) -1399 (2, 20)
(2, 10) -1400 (1, 21)
(2, 11) -1405 (2, 21)
(2, 12) -1347 (1, 22)
(2, 13) -1065 (2, 22)
(2, 14) -1062 (1, 23)
(3, 0) -1361 (2, 23)
(3, 1) -1391 (1, 24)
(3, 2) -1400 (2, 24)
(3, 3) -1394 (1, 25)
(3, 4) -1388 (2, 25)
(3, 5) -1400 (1, 26)
(3, 6) -1400 (2, 26)
(3, 9) -1384 (1, 28)
(3, 10) -1430 (2, 28)
(3, 11) -1330 (1, 29)
(3, 12) -1419 (2, 29)
(3, 13) -1316 (1, 30)
(3, 14) -1343 (2, 30)
(4, 0) -1239 (1, 31)
(4, 1) -1537 (2, 31)
(4, 2) -1373 (1, 32)
(4, 3) -1365 (2, 32)
(4, 4) -1410 (1, 33)
(4, 5) -1400 (2, 33)
(4, 6) -1400 (1, 34)
(4, 9) -1394 (2, 35)
(4, 10) -1514 (1, 36)
(4, 11) -1378 (2, 36)
(4, 12) -1426 (1, 37)
(4, 13) -1400 (2, 37)
(4, 14) -1437 (1, 38)
(5, 0) -1358 (2, 38)
(5, 1) -1336 (1, 39)
(5, 2) -1587 (2, 39)
(5, 3) -1375 (1, 40)
(5, 4) -1183 (2, 40)
(5, 5) -1443 (1, 41)
(5, 6) -1272 (2, 41)
(5, 9) -1382 (1, 43)
(5, 10) -1388 (2, 43)
(5, 11) -1355 (1, 44)
(5, 12) -1400 (2, 44)
(5, 13) -1426 (1, 45)
(5, 14) -1435 (2, 45)
(6, 0) -1303 (1, 46)
(6, 1) -1384 (2, 46)
(6, 2) -1341 (1, 47)
(6, 3) -1375 (2, 47)
(6, 4) -1376 (1, 48)
(6, 5) -1365 (2, 48)
(6, 6) -1366 (1, 49)
(6, 9) -1420 (2, 50)
(6, 10) -1393 (1, 51)
(6, 11) -1400 (2, 51)
(6, 12) -1554 (1, 52)
(6, 13) -1501 (2, 52)
(6, 14) -1297 (1, 53)
(7, 0) -1389 (2, 53)
(7, 1) -1371 (1, 54)
(7, 2) -1379 (2, 54)
(7, 3) -1361 (1, 55)
(7, 4) -1368 (2, 55)
(7, 5) -1375 (1, 56)
(7, 6) -1439 (2, 56)
(7, 9) -1381 (1, 58)
(7, 10) -1415 (2, 58)
(7, 11) -1402 (1, 59)
(7, 12) -1368 (2, 59)
(7, 13) -1395 (1, 60)
(7, 14) -1407 (2, 60)
(8, 0) -1380 (1, 61)
(8, 1) -1368 (2, 61)
(8, 2) -1323 (1, 62)
(8, 3) -1395 (2, 62)
(8, 4) -1404 (1, 63)
(8, 5) -1432 (2, 63)
(8, 6) -1453 (1, 64)
(8, 9) -1385 (2, 65)
(8, 10) -1396 (1, 66)
(8, 11) -1517 (2, 66)
(8, 12) -1389 (1, 67)
(8, 13) -1366 (2, 67)
(8, 14) -1398 (1, 68)
(9, 0) -1381 (2, 68)
(9, 1) -1089 (1, 69)
(9, 2) -1413 (2, 69)
(9, 3) -1409 (1, 70)
(9, 4) -1402 (2, 70)
(9, 5) -1397 (1, 71)
(9, 6) -1376 (2, 71)
(9, 9) -1366 (1, 73)
(9, 10) -1417 (2, 73)
(9, 11) -1446 (1, 74)
(9, 12) -1400 (2, 74)
(9, 13) -1371 (1, 75)
(9, 14) -1422 (2, 75)
(10, 0) -1472 (1, 76)
(10, 1) -1400 (2, 76)
(10, 2) -1355 (1, 77)
(10, 3) -1371 (2, 77)
(10, 4) -1402 (1, 78)
(10, 5) -1374 (2, 78)
(10, 6) -1461 (1, 79)
(10, 9) -1400 (2, 80)
(10, 10) -1376 (1, 81)
(10, 11) -1387 (2, 81)
(10, 12) -1400 (1, 82)
(10, 13) -1391 (2, 82)
(10, 14) -1396 (1, 83)
(11, 0) -1360 (2, 83)
(11, 1) -1371 (1, 84)
(11, 2) -1375 (2, 84)
(11, 3) -1408 (1, 85)
(11, 4) -1412 (2, 85)
(11, 5) -1435 (1, 86)
(11, 6) -1384 (2, 86)
(11, 9) -1516 (1, 88)
(11, 10) -1389 (2, 88)
(11, 11) -1572 (1, 89)
(11, 12) -1370 (2, 89)
(11, 13) -1401 (1, 90)
(11, 14) -1454 (2, 90)
(12, 0) -1408 (1, 91)
(12, 1) -1378 (2, 91)
(12, 2) -1378 (1, 92)
(12, 3) -1558 (2, 92)
(12, 4) -1400 (1, 93)
(12, 5) -1431 (2, 93)
(12, 6) -1394 (1, 94)
(12, 9) -1409 (2, 95)
(12, 10) -1583 (1, 96)
(12, 11) -1444 (2, 96)
(12, 12) -1432 (1, 97)
(12, 13) -1389 (2, 97)
(12, 14) -1434 (1, 98)
(13, 0) -1583 (2, 98)
(13, 1) -1542 (1, 99)
(13, 2) -1427 (2, 99)
(13, 3) -1396 (1, 100)
(13, 4) -1472 (2, 100)
(13, 5) -1356 (1, 101)
(13, 6) -1569 (2, 101)
(13, 9) -1483 (1, 103)
(13, 10) 0 (2, 103)
(13, 11) -1435 (1, 104)
(13, 12) -1462 (2, 104)
(13, 13) -1400 (1, 105)
(13, 14) -1411 (2, 105)
(14, 0) -1396 (1, 106)
(14, 1) -1417 (2, 106)
(14, 2) -1492 (1, 107)
(14, 3) -1550 (2, 107)
(14, 4) -1532 (1, 108)
(14, 5) -1477 (2, 108)
(14, 6) -1400 (1, 109)
(14, 9) -1393 (2, 110)
(14, 10) -1374 (1, 111)
(14, 11) -1400 (2, 111)
(14, 12) -1532 (1, 112)
(14, 13) -1400 (2, 112)
(14, 14) -1483 (1, 113)
(15, 0) -1391 (2, 113)
(15, 1) -1337 (1, 114)
