(0, 0) -1414 (1, 1)
(0, 1) -1378 (2, 1)
(0, 2) -1433 (1, 2)
(0, 3) -1400 (2, 2)
(0, 4) -1390 (1, 3)
(0, 5) -1393 (2, 3)
(0, 6) -1395 (1, 4)
(0, 9) -1536 (2, 5)
(0, 10) -1392 (1, 6)
(0, 11) -1394 (2, 6)
(0, 12) -1541 (1, 7)
(0, 13) -1343 (2, 7)
(0, 14) -1499 (1, 8)
(1, 0) -1470 (2, 8)
(1, 1) -1400 (1, 9)
(1, 2) -1388 (2, 9)
(1, 3) -1386 (1, 10)
(1, 4) -1411 (2, 10)
(1, 5) -1409 (1, 11)
(1, 6) -1406 (2, 11)
(1, 9) -1426 (1, 13)
(1, 10) -1376 (2, 13)
(1, 11) -1400 (1, 14)
(1, 12) -1425 (2, 14)
(1, 13) -1443 (1, 15)
(1, 14) -1407 (2, 15)
(2, 0) -1355 (1, 16)
(2, 1) -1446 (2, 16)
(2, 2) -1388 (1, 17)
(2, 3) -1473 (2, 17)
(2, 4) -1400 (1, 18)
(2, 5) -1410 (2, 18)
(2, 6) -1367 (1, 19)
(2, 9) -1059 (2, 20)
(2, 10) -1308 (1, 21)
(2, 11) -1410 (2, 21)
(2, 12) -1436 (1, 22)
(2, 14) -1429 (1, 23)
(3, 0) -1390 (2, 23)
(3, 1) -1417 (1, 24)
(3, 2) -1400 (2, 24)
(3, 3) -1369 (1, 25)
(3, 4) -1410 (2, 25)
(3, 5) -1589 (1, 26)
(3, 6) -1407 (2, 26)
(3, 9) -1365 (1, 28)
(3, 10) -1372 (2, 28)
(3, 11) -1369 (1, 29)
(3, 12) -1577 (2, 29)
(3, 13) -1401 (1, 30)
(3, 14) -1399 (2, 30)
(4, 0) -1409 (1, 31)
(4, 1) -1407 (2, 31)
(4, 2) -1443 (1, 32)
(4, 3) -1114 (2, 32)
(4, 4) -1053 (1, 33)
(4, 5) -1377 (2, 33)
(4, 6) -1382 (1, 34)
(4, 9) -1363 (2, 35)
(4, 10) -1405 (1, 36)
(4, 11) -1395 (2, 36)
(4, 12) -1395 (1, 37)
(4, 13) -1260 (2, 37)
(4, 14) -1381 (1, 38)
(5, 0) -1454 (2, 38)
(5, 1) -1427 (1, 39)
(5, 2) -1450 (2, 39)
(5, 3) -1412 (1, 40)
(5, 4) -1405 (2, 40)
(5, 5) -1404 (1, 41)
(5, 6) -1411 (2, 41)
(5, 9) -1412 (1, 43)
(5, 10) -1414 (2, 43)
(5, 11) -1434 (1, 44)
(5, 12) -1394 (2, 44)
(5, 13) -1407 (1, 45)
(5, 14) -1403 (2, 45)
(6, 0) -1345 (1, 46)
(6, 1) -1430 (2, 46)
(6, 2) -1408 (1, 47)
(6, 3) -1395 (2, 47)
(6, 4) -1370 (1, 48)
(6, 5) -1400 (2, 48)
(6, 6) -1576 (1, 49)
(6, 9) -1422 (2, 50)
(6, 10) -1350 (1, 51)
(6, 11) -1400 (2, 51)
(6, 12) -1078 (1, 52)
(6, 13) -1372 (2, 52)
(6, 14) -1353 (1, 53)
(7, 0) -1153 (2, 53)
(7, 1) -1392 (1, 54)
(7, 2) -1362 (2, 54)
(7, 3) -1397 (1, 55)
(7, 4) -1387 (2, 55)
(7, 5) -1387 (1, 56)
(7, 6) -1349 (2, 56)
(7, 9) -1401 (1, 58)
(7, 10) -1387 (2, 58)
(7, 11) -1399 (1, 59)
(7, 12) -1403 (2, 59)
(7, 13) -1286 (1, 60)
(7, 14) -1393 (2, 60)
(8, 0) -1400 (1, 61)
(8, 1) -1413 (2, 61)
(8, 2) -1426 (1, 62)
(8, 3) -1402 (2, 62)
(8, 4) -1339 (1, 63)
(8, 5) -1390 (2, 63)
(8, 6) -1380 (1, 64)
(8, 9) -1378 (2, 65)
(8, 10) -1407 (1, 66)
(8, 11) -1398 (2, 66)
(8, 12) -1424 (1, 67)
(8, 13) -1401 (2, 67)
(8, 14) -1400 (1, 68)
(9, 0) -1400 (2, 68)
(9, 1) -1381 (1, 69)
(9, 2) -1380 (2, 69)
(9, 3) -1421 (1, 70)
(9, 4) -1417 (2, 70)
(9, 5) -1400 (1, 71)
(9, 6) -1407 (2, 71)
(9, 9) -1374 (1, 73)
(9, 10) -1409 (2, 73)
(9, 11) -1383 (1, 74)
(9, 12) -1496 (2, 74)
(9, 13) -1390 (1, 75)
(9, 14) -1400 (2, 75)
(10, 0) -1400 (1, 76)
(10, 1) -1489 (2, 76)
(10, 2) -1360 (1, 77)
(10, 3) -1368 (2, 77)
(10, 4) -1441 (1, 78)
(10, 5) -1400 (2, 78)
(10, 6) -1357 (1, 79)
(10, 9) -1400 (2, 80)
(10, 10) -1381 (1, 81)
(10, 11) -1410 (2, 81)
(10, 12) -1410 (1, 82)
(10, 13) -1449 (2, 82)
(10, 14) -1409 (1, 83)
(11, 0) -1560 (2, 83)
(11, 1) -1449 (1, 84)
(11, 2) -1396 (2, 84)
(11, 3) -1452 (1, 85)
(11, 4) -1433 (2, 85)
(11, 5) -1396 (1, 86)
(11, 6) -1392 (2, 86)
(11, 9) -1409 (1, 88)
(11, 10) -1402 (2, 88)
(11, 11) -1481 (1, 89)
(11, 12) -1176 (2, 89)
(11, 13) -1429 (1, 90)
(11, 14) -1402 (2, 90)
(12, 0) -1420 (1, 91)
(12, 1) -1418 (2, 91)
(12, 2) -1438 (1, 92)
(12, 3) -1393 (2, 92)
(12, 4) -1423 (1, 93)
(12, 5) -1402 (2, 93)
(12, 6) -1412 (1, 94)
(12, 9) -1392 (2, 95)
(12, 10) -1400 (1, 96)
(12, 11) -1414 (2, 96)
(12, 12) -1383 (1, 97)
(12, 13) -1393 (2, 97)
(12, 14) -1421 (1, 98)
(13, 0) -1392 (2, 98)
(13, 1) -1400 (1, 99)
(13, 2) -1405 (2, 99)
(13, 3) -1400 (1, 100)
(13, 4) -1379 (2, 100)
(13, 5) -1319 (1, 101)
(13, 6) -1400 (2, 101)
(13, 9) -1466 (1, 103)
(13, 10) -1423 (2, 103)
(13, 11) -1380 (1, 104)
(13, 12) -1400 (2, 104)
(13, 13) -1482 (1, 105)
(13, 14) -1411 (2, 105)
(14, 0) -1422 (1, 106)
(14, 1) -1372 (2, 106)
(14, 2) -1407 (1, 107)
(14, 3) -1348 (2, 107)
(14, 4) -1411 (1, 108)
(14, 5) -1361 (2, 108)
(14, 6) -1430 (1, 109)
(14, 9) -1398 (2, 110)
(14, 10) -1400 (1, 111)
(14, 11) -1350 (2, 111)
(14, 12) -1403 (1, 112)
(14, 13) -1390 (2, 112)
(14, 14) -1374 (1, 113)
(15, 0) -1398 (2, 113)
(15, 1) -1405 (1, 114)
(15, 2) -1400 (2, 114)
