(0, 0) -1529 (1, 1)
(0, 1) -1407 (2, 1)
(0, 2) -1400 (1, 2)
(0, 3) -1416 (2, 2)
(0, 4) -1426 (1, 3)
(0, 5) -1426 (2, 3)
(0, 6) -1419 (1, 4)
(0, 9) -1372 (2, 5)
(0, 10) -1395 (1, 6)
(0, 11) -1424 (2, 6)
(0, 12) -1422 (1, 7)
(0, 13) -1400 (2, 7)
(0, 14) -1188 (1, 8)
(1, 0) -1400 (2, 8)
(1, 1) -1486 (1, 9)
(1, 2) -1388 (2, 9)
(1, 3) -1371 (1, 10)
(1, 4) -1372 (2, 10)
(1, 5) -1396 (1, 11)
(1, 6) -1335 (2, 11)
(1, 9) -1368 (1, 13)
(1, 10) -1399 (2, 13)
(1, 11) -1369 (1, 14)
(1, 12) -1402 (2, 14)
(1, 13) -1278 (1, 15)
(1, 14) -1443 (2, 15)
(2, 0) -1273 (1, 16)
(2, 1) -1401 (2, 16)
(2, 2) -1400 (1, 17)
(2, 3) -1393 (2, 17)
(2, 4) -1397 (1, 18)
(2, 5) -1381 (2, 18)
(2, 6) -1506 (1, 19)
(2, 9) -1389 (2, 20)
(2, 10) -1417 (1, 21)
(2, 11) -1426 (2, 21)
(2, 12) -1393 (1, 22)
(2, 13) -1417 (2, 22)
(2, 14) -1385 (1, 23)
(3, 0) -1425 (2, 23)
(3, 1) -1373 (1, 24)
(3, 2) -1442 (2, 24)
(3, 3) -1400 (1, 25)
(3, 4) -1078 (2, 25)
(3, 5) -1542 (1, 26)
(3, 6) -1414 (2, 26)
(3, 9) -1555 (1, 28)
(3, 10) -1484 (2, 28)
(3, 11) -1355 (1, 29)
(3, 12) -1377 (2, 29)
(3, 13) -1385 (1, 30)
(3, 14) -1443 (2, 30)
(4, 0) -1390 (1, 31)
(4, 1) -1457 (2, 31)
(4, 2) -1513 (1, 32)
(4, 3) -1437 (2, 32)
(4, 4) -1429 (1, 33)
(4, 5) -1398 (2, 33)
(4, 6) -1384 (1, 34)
(4, 9) -1471 (2, 35)
(4, 10) -1451 (1, 36)
(4, 11) -1590 (2, 36)
(4, 12) -1385 (1, 37)
(4, 13) -1416 (2, 37)
(4, 14) -1579 (1, 38)
(5, 0) -1469 (2, 38)
(5, 1) -1406 (1, 39)
(5, 2) -1383 (2, 39)
(5, 3) -1402 (1, 40)
(5, 4) -1418 (2, 40)
(5, 5) -1466 (1, 41)
(5, 6) -1473 (2, 41)
(5, 9) -1538 (1, 43)
(5, 10) -1525 (2, 43)
(5, 11) -1395 (1, 44)
(5, 12) -1390 (2, 44)
(5, 13) -1331 (1, 45)
(5, 14) -1222 (2, 45)
(6, 0) -1431 (1, 46)
(6, 1) -1546 (2, 46)
(6, 2) -1400 (1, 47)
(6, 3) -1400 (2, 47)
(6, 4) -1434 (1, 48)
(6, 5) -1400 (2, 48)
(6, 6) -1382 (1, 49)
(6, 9) -1383 (2, 50)
(6, 10) -1494 (1, 51)
(6, 11) -1386 (2, 51)
(6, 12) -1465 (1, 52)
(6, 13) -1405 (2, 52)
(6, 14) -1316 (1, 53)
(7, 0) -1330 (2, 53)
(7, 1) -1365 (1, 54)
(7, 2) -1557 (2, 54)
(7, 3) -1393 (1, 55)
(7, 4) -1400 (2, 55)
(7, 5) -1465 (1, 56)
(7, 6) -1453 (2, 56)
(7, 9) -1387 (1, 58)
(7, 10) -1336 (2, 58)
(7, 11) -1585 (1, 59)
(7, 12) -1305 (2, 59)
(7, 13) -1299 (1, 60)
(7, 14) -1422 (2, 60)
(8, 0) -1106 (1, 61)
(8, 1) -1374 (2, 61)
(8, 2) -1333 (1, 62)
(8, 3) -1376 (2, 62)
(8, 4) -1306 (1, 63)
(8, 5) -1085 (2, 63)
(8, 6) -1367 (1, 64)
(8, 9) -1386 (2, 65)
(8, 10) -1125 (1, 66)
(8, 11) -1241 (2, 66)
(8, 12) -1024 (1, 67)
(8, 13) -1349 (2, 67)
(8, 14) -1111 (1, 68)
(9, 0) -1416 (2, 68)
(9, 1) -1347 (1, 69)
(9, 2) -1301 (2, 69)
(9, 3) -1278 (1, 70)
(9, 4) -1384 (2, 70)
(9, 5) -1444 (1, 71)
(9, 6) -1400 (2, 71)
(9, 9) -1400 (1, 73)
(9, 10) -1383 (2, 73)
(9, 11) -1400 (1, 74)
(9, 12) -1357 (2, 74)
(9, 13) -1400 (1, 75)
(9, 14) -1384 (2, 75)
(10, 0) -1385 (1, 76)
(10, 1) -1363 (2, 76)
(10, 2) -1363 (1, 77)
(10, 3) -1307 (2, 77)
(10, 4) -1389 (1, 78)
(10, 5) -1395 (2, 78)
(10, 6) -1355 (1, 79)
(10, 9) -1420 (2, 80)
(10, 10) -1448 (1, 81)
(10, 11) -1421 (2, 81)
(10, 12) -1392 (1, 82)
(10, 13) -1418 (2, 82)
(10, 14) -1450 (1, 83)
(11, 0) -1374 (2, 83)
(11, 1) -1351 (1, 84)
(11, 2) -1360 (2, 84)
(11, 3) -1527 (1, 85)
(11, 4) -1426 (2, 85)
(11, 5) -1474 (1, 86)
(11, 6) -1413 (2, 86)
(11, 9) -1415 (1, 88)
(11, 10) -1359 (2, 88)
(11, 11) -1543 (1, 89)
(11, 12) -1380 (2, 89)
(11, 13) -1419 (1, 90)
(11, 14) -1453 (2, 90)
(12, 0) -1451 (1, 91)
(12, 1) -1337 (2, 91)
(12, 2) -1577 (1, 92)
(12, 3) -1347 (2, 92)
(12, 4) -1363 (1, 93)
(12, 5) -1413 (2, 93)
(12, 6) -1399 (1, 94)
(12, 9) -1404 (2, 95)
(12, 10) -1380 (1, 96)
(12, 11) -1417 (2, 96)
(12, 12) -1467 (1, 97)
(12, 13) -1347 (2, 97)
(12, 14) -1500 (1, 98)
(13, 0) -1321 (2, 98)
(13, 1) -1535 (1, 99)
(13, 2) -1400 (2, 99)
(13, 3) -1512 (1, 100)
(13, 4) -1541 (2, 100)
(13, 5) -1464 (1, 101)
(13, 6) -1078 (2, 101)
(13, 9) -1373 (1, 103)
(13, 10) -1453 (2, 103)
(13, 11) -1547 (1, 104)
(13, 12) -1519 (2, 104)
(13, 13) -1400 (1, 105)
(13, 14) -1441 (2, 105)
(14, 0) -1398 (1, 106)
(14, 1) -1400 (2, 106)
(14, 2) -1441 (1, 107)
(14, 3) -1464 (2, 107)
(14, 4) -1451 (1, 108)
(14, 5) -1400 (2, 108)
(14, 6) -1400 (1, 109)
(14, 9) -1591 (2, 110)
(14, 10) -1559 (1, 111)
(14, 11) -1400 (2, 111)
(14, 12) -1431 (1, 112)
(14, 13) -1508 (2, 112)
(14, 14) -1429 (1, 113)
(15, 0) -1416 (2, 113)
(15, 1) -1366 (1, 114)
