3 1 0 0 5 1.01100
3 2 0 1 8E 1.03900
3 3 0 2 5E 1.20500
3 4 0 3 9D 1.22800
3 5 0 4 9D 0.56600
3 6 0 5 AD 0.88700
3 7 0 6 BE 0.82400
3 8 0 7 EC 0.92900
3 9 0 8 B2 0.85900
3 10 0 9 A0 0.83200
3 11 0 10 B8 0.71900
3 12 0 11 EA 0.94000
3 13 1 0 8E 0.81400
3 14 1 1 1A 0.79600
3 15 1 2 44 0.99100
3 16 1 3 41 0.98600
3 17 1 4 54 0.75900
3 18 1 5 AA 1.18700
3 19 1 6 61 8.33200
3 20 1 7 9C 1.01200
3 21 1 8 9A 0.86900
3 22 1 9 9C 1.00100
3 23 1 10 B0 0.80400
3 24 1 11 A6 0.98200
3 25 2 0 1B 0.61800
3 26 2 1 6 0.57600
3 27 2 2 68 0.61800
3 28 2 3 C7 0.70400
3 29 2 4 57 2.56100
3 30 2 5 5E 0.61400
3 31 2 6 5F 0.80400
3 32 2 7 7B 0.83000
3 33 2 8 B3 1.13800
3 34 2 9 7D 1.09600
3 35 2 10 99 1.01900
3 36 2 11 CB 0.70000
3 37 3 0 54 0.53700
3 38 3 1 7A 0.69800
3 39 3 2 31 0.77500
3 40 3 3 29 0.72600
3 41 3 4 33 0.64100
3 42 3 5 2E 0.76400
3 43 3 6 3C 0.59100
3 44 3 7 71 0.95000
3 45 3 8 85 0.65800
3 46 3 9 9A 1.09700
3 47 3 10 92 0.94200
3 48 3 11 8C 0.59400
3 49 4 0 3B 0.66200
3 50 4 1 41 0.75900
3 51 4 2 1F 0.56400
3 52 4 3 37 0.56500
3 53 4 4 F9 0.44000
3 54 4 5 64 0.79900
3 55 4 6 4C 0.39100
3 56 4 7 7A 0.98900
3 57 4 8 93 0.72300
3 58 4 9 55 0.47900
3 59 4 10 9A 0.64900
3 60 4 11 BE 0.54400
3 61 5 0 24 0.64400
3 62 5 1 38 0.61800
3 63 5 2 42 0.71100
3 64 5 3 3A 0.48200
3 65 5 4 28 0.45000
3 66 5 5 4E 1.00800
3 67 5 6 6C 1.47300
3 68 5 7 62 1.46700
3 69 5 8 48 0.70200
3 70 5 9 68 0.84200
3 71 5 10 A9 0.81400
3 72 5 11 77 0.90400
3 73 6 0 5B 0.58300
3 74 6 1 F 0.68200
3 75 6 2 38 0.51500
3 76 6 3 25 0.93100
3 77 6 4 50 9.90200
3 78 6 5 28 0.51200
3 79 6 6 14 0.49800
3 80 6 7 F3 9.73500
3 81 6 8 7E 0.62900
3 82 6 9 5C 0.70400
3 83 6 10 82 0.71100
3 84 6 11 91 0.70000
3 90 7 5 EB 8.15300
3 91 7 6 4C 0.77900
3 92 7 7 13 0.62600
3 93 7 8 79 0.63400
3 94 7 9 61 0.48300
3 95 7 10 97 1.11500
3 96 7 11 B7 0.81900
3 102 8 5 8A 0.67600
3 103 8 6 A3 1.04100
3 104 8 7 AD 0.61200
3 105 8 8 51 0.66500
3 106 8 9 35 0.64900
3 107 8 10 E8 0.98300
3 108 8 11 89 0.87500
3 114 9 5 3A 0.53800
3 115 9 6 A8 0.66600
3 116 9 7 67 0.59200
3 117 9 8 73 0.53200
3 118 9 9 5C 0.65900
3 119 9 10 AA 0.69200
3 120 9 11 C0 0.10000
3 126 10 5 3A 0.65300
3 127 10 6 6 0.56800
3 128 10 7 DE 0.76400
3 129 10 8 1B 0.58800
3 130 10 9 AE 0.76500
3 131 10 10 36 0.66500
3 132 10 11 29 3.24600
3 138 11 5 10 0.17100
3 139 11 6 92 0.54300
3 140 11 7 7B 0.60400
3 141 11 8 8F 0.64700
3 142 11 9 2D 0.53400
3 143 11 10 97 0.59100
3 144 11 11 9A 0.90000
3 150 12 5 7A 0.44200
3 151 12 6 89 0.51600
3 152 12 7 4E 0.65600
3 153 12 8 61 0.76600
3 154 12 9 CD 0.95500
3 155 12 10 D7 1.00000
3 156 12 11 DF 0.99200
3 162 13 5 D1 0.52200
3 163 13 6 1B 0.51000
3 164 13 7 6B 0.69600
3 165 13 8 82 0.76100
3 166 13 9 A0 1.06900
3 167 13 10 2F 0.65100
3 168 13 11 27 0.84100
3 174 14 5 93 0.50200
3 175 14 6 B6 0.50400
3 176 14 7 63 0.58500
3 177 14 8 61 0.71500
3 178 14 9 AF 0.70000
3 179 14 10 DA 1.00000
3 180 14 11 D1 0.72500
3 186 15 5 D7 0.63600
3 187 15 6 EB 0.53400
3 188 15 7 A0 0.59000
3 189 15 8 66 0.92100
3 190 15 9 23 0.51200
3 191 15 10 2E 0.72600
3 192 15 11 83 1.14000
3 198 16 5 FF 1.00000
3 199 16 6 EF 0.84600
3 200 16 7 8F 0.71700
3 201 16 8 6B 0.69300
3 202 16 9 AC 1.03600
3 203 16 10 F6 0.50200
3 204 16 11 11 0.57700
3 205 17 0 E0 0.60200
3 206 17 1 D4 0.60700
3 207 17 2 E8 0.64300
3 208 17 3 DA 0.46400
3 209 17 4 AF 0.10000
3 210 17 5 FF 1.00000
3 211 17 6 CB 1.18500
3 212 17 7 AC 0.70700
3 213 17 8 C1 0.83800
3 214 17 9 9A 0.99400
3 215 17 10 BF 0.97500
3 216 17 11 C9 1.33900
3 217 18 0 D1 0.63600
3 218 18 1 DB 0.49600
3 219 18 2 FB 0.67800
3 220 18 3 D0 0.70100
3 221 18 4 F4 0.75600
3 222 18 5 EE 0.73300
3 223 18 6 E9 1.20400
3 224 18 7 B6 0.96600
3 225 18 8 BA 1.14800
3 226 18 9 9E 0.84600
3 227 18 10 91 1.05600
3 228 18 11 96 1.15600
3 229 19 0 E5 1.29400
3 230 19 1 FA 0.82600
3 231 19 2 DB 1.43200
3 232 19 3 FE 1.00000
3 233 19 4 CF 0.98800
3 234 19 5 DC 0.81700
3 235 19 6 AE 0.82000
3 236 19 7 DB 1.25000
3 237 19 8 C4 1.07800
3 238 19 9 9E 1.01100
3 239 19 10 BD 1.22500
3 240 19 11 6A 0.71700
3 241 20 0 D8 1.01700
3 242 20 1 DF 0.56600
3 243 20 2 D7 0.86700
3 244 20 3 F0 0.54900
3 245 20 4 B9 0.65500
3 246 20 5 E8 0.74100
3 247 20 6 AB 0.95400
3 248 20 7 9D 0.89800
3 249 20 8 FB 1.03500
3 250 20 9 D9 1.09500
3 251 20 10 9E 0.97700
3 252 20 11 BA 1.21200
3 253 21 0 F3 0.72600
3 254 21 1 FA 0.92000
3 255 21 2 9E 0.90300
3 256 21 3 E0 0.95000
3 257 21 4 88 0.86200
3 258 21 5 AB 0.82800
3 259 21 6 BF 1.37600
3 260 21 7 9C 0.86600
3 261 21 8 8E 0.75200
3 262 21 9 DF 0.96900
3 263 21 10 BF 1.08000
3 264 21 11 A3 1.12300
3 265 22 0 E5 0.90000
3 266 22 1 DD 1.22800
3 267 22 2 69 0.91500
3 268 22 3 E7 1.09500
3 269 22 4 FB 19.99900
3 270 22 5 C1 1.00200
3 271 22 6 A2 1.46800
3 272 22 7 D5 0.83600
3 273 22 8 D1 1.43500
3 274 22 9 ED 0.94900
3 275 22 10 C7 0.91900
3 276 22 11 90 1.13200
3 277 23 0 BC 1.11700
3 278 23 1 C4 1.07700
3 279 23 2 9C 0.82000
3 280 23 3 DD 0.81300
3 281 23 4 95 1.24000
3 282 23 5 9F 1.85400
3 283 23 6 76 1.60000
3 284 23 7 AC 0.90400
3 285 23 8 C3 2.06800
3 286 23 9 98 0.59100
3 287 23 10 FE 7.50500
3 288 23 11 A2 0.62800
4 1 0 0 88 1.03200
4 2 0 1 38 1.04700
4 3 0 2 B9 1.01200
4 4 0 3 19 0.64300
4 5 0 4 C6 2.11000
4 6 0 5 3C 0.63900
4 7 0 6 94 1.00000
4 8 0 7 F6 0.75900
4 9 0 8 AA 1.00900
4 10 0 9 8D 0.31300
4 11 0 10 E5 1.33500
4 12 0 11 9C 0.91900
4 13 1 0 33 1.00000
4 14 1 1 55 1.12400
4 15 1 2 6B 1.06000
4 16 1 3 4F 1.02100
4 17 1 4 79 1.20000
4 18 1 5 34 0.89600
4 19 1 6 8C 1.02000
4 20 1 7 9B 0.82200
4 21 1 8 94 1.06700
4 22 1 9 8A 1.00500
4 23 1 10 B9 1.08300
4 24 1 11 FE 0.59200
4 25 2 0 76 17.56900
4 26 2 1 2E 1.01300
4 27 2 2 3B 0.75200
4 28 2 3 3A 0.93500
4 29 2 4 7D 1.02100
4 30 2 5 A7 1.51900
4 31 2 6 56 0.62400
4 32 2 7 A8 1.33200
4 33 2 8 81 1.00600
4 34 2 9 90 0.85700
4 35 2 10 B5 1.13200
4 36 2 11 A4 0.89400
4 37 3 0 3B 0.73900
4 38 3 1 23 0.58700
4 39 3 2 36 9.85500
4 40 3 3 98 0.99500
4 41 3 4 5D 1.01800
4 42 3 5 73 1.08900
4 43 3 6 7D 1.07300
4 44 3 7 7E 1.09200
4 45 3 8 AD 1.29200
4 46 3 9 71 1.16600
4 47 3 10 99 0.93500
4 48 3 11 99 0.92800
4 49 4 0 DB 1.14600
4 50 4 1 29 0.66400
4 51 4 2 7E 0.62100
4 52 4 3 54 0.89500
4 53 4 4 4A 0.85200
4 54 4 5 33 0.76900
4 55 4 6 5C 1.08900
4 56 4 7 5C 0.82400
4 57 4 8 92 1.10300
4 58 4 9 F4 1.00000
4 59 4 10 AB 1.20000
4 60 4 11 87 1.06100
4 61 5 0 2E 0.68500
4 62 5 1 19 0.58900
4 63 5 2 2 0.78700
4 64 5 3 26 0.63800
4 65 5 4 57 0.93000
4 66 5 5 13 0.63300
4 67 5 6 51 0.81300
4 68 5 7 9F 1.08800
4 69 5 8 79 0.89100
4 70 5 9 BF 0.94300
4 71 5 10 92 0.93200
4 72 5 11 B5 0.94800
4 73 6 0 14 0.73100
4 74 6 1 25 0.80700
4 75 6 2 D 0.63900
4 76 6 3 1F 0.68700
4 77 6 4 76 0.62000
4 78 6 5 0 0.55200
4 79 6 6 4F 0.55100
4 80 6 7 FC 3.64100
4 81 6 8 AA 1.22300
4 82 6 9 98 1.17100
4 83 6 10 A4 0.25000
4 84 6 11 A9 0.81700
4 90 7 5 3D 0.69000
4 91 7 6 56 1.18200
4 92 7 7 62 0.90700
4 93 7 8 91 1.09900
4 94 7 9 B7 0.89700
4 95 7 10 C6 0.94800
4 96 7 11 ED 0.96500
4 102 8 5 2B 0.33800
4 103 8 6 81 0.63300
4 104 8 7 67 0.78800
4 105 8 8 B3 0.84400
4 106 8 9 5B 1.05300
4 107 8 10 5F 0.96900
4 108 8 11 CC 0.96800
4 114 9 5 60 0.48500
4 115 9 6 95 0.63200
4 116 9 7 F7 0.75700
4 117 9 8 9D 0.91900
4 118 9 9 84 1.05500
4 119 9 10 3E 1.13300
4 120 9 11 81 0.88300
4 126 10 5 5B 0.53800
4 127 10 6 34 0.62400
4 128 10 7 99 0.80600
4 129 10 8 6A 0.83300
4 130 10 9 7A 0.82200
4 131 10 10 8A 1.23700
4 132 10 11 C0 1.02000
4 138 11 5 68 0.46800
4 139 11 6 2E 0.53100
4 140 11 7 C3 1.02800
4 141 11 8 61 0.85900
4 142 11 9 92 0.95800
4 143 11 10 93 0.93500
4 144 11 11 AD 0.77600
4 150 12 5 B1 0.29900
4 151 12 6 7A 0.43800
4 152 12 7 A4 0.55300
4 153 12 8 64 0.59000
4 154 12 9 6A 0.74300
4 155 12 10 83 0.90800
4 156 12 11 85 0.82700
4 162 13 5 A1 0.58100
4 163 13 6 B 0.58200
4 164 13 7 CF 0.73900
4 165 13 8 A5 0.58500
4 166 13 9 B8 1.09300
4 167 13 10 42 0.83700
4 168 13 11 70 0.70100
4 174 14 5 9B 0.42300
4 175 14 6 D5 0.44700
4 176 14 7 EE 0.72000
4 177 14 8 8C 0.77700
4 178 14 9 E3 0.94400
4 179 14 10 89 1.02600
4 180 14 11 9B 0.78200
4 186 15 5 C9 0.56400
4 187 15 6 BE 0.67800
4 188 15 7 F9 0.79200
4 189 15 8 F2 1.02200
4 190 15 9 AC 0.90800
4 191 15 10 A9 0.73800
4 192 15 11 83 0.97300
4 198 16 5 FF 1.00000
4 199 16 6 A4 0.93500
4 200 16 7 86 0.75000
4 201 16 8 D0 1.29200
4 202 16 9 C0 0.99900
4 203 16 10 F3 27.92200
4 204 16 11 B3 0.65100
4 205 17 0 FF 1.00000
4 206 17 1 C7 0.39500
4 207 17 2 F6 0.67200
4 208 17 3 DF 0.72600
4 209 17 4 F1 0.88100
4 210 17 5 F6 0.81000
4 211 17 6 FD 1.14400
4 212 17 7 F0 1.02000
4 213 17 8 B3 0.89000
4 214 17 9 B8 0.91300
4 215 17 10 9E 0.99700
4 216 17 11 CD 0.96600
4 217 18 0 2F 0.78400
4 218 18 1 D0 0.47500
4 219 18 2 EA 1.24300
4 220 18 3 D7 0.48000
4 221 18 4 F5 1.15900
4 222 18 5 FF 1.03455
4 223 18 6 9D 0.79300
4 224 18 7 9D 1.00900
4 225 18 8 C5 1.12100
4 226 18 9 B0 1.02300
4 227 18 10 C2 0.91300
4 228 18 11 EC 1.07600
4 229 19 0 8F 0.97000
4 230 19 1 F3 0.73400
4 231 19 2 E0 0.51600
4 232 19 3 F1 19.34300
4 233 19 4 E9 0.47200
4 234 19 5 CA 0.90600
4 235 19 6 DB 0.79100
4 236 19 7 E0 0.79900
4 237 19 8 CD 0.84700
4 238 19 9 A9 0.99600
4 239 19 10 E0 1.01200
4 240 19 11 B9 1.08500
4 241 20 0 FF 41.37459
4 242 20 1 FE 4.29200
4 243 20 2 FE 0.73500
4 244 20 3 E2 1.01100
4 245 20 4 EA 3.10900
4 246 20 5 EC 1.32400
4 247 20 6 B3 0.95300
4 248 20 7 C3 0.81100
4 249 20 8 A9 0.63500
4 250 20 9 D5 1.15700
4 251 20 10 90 0.92800
4 252 20 11 C1 1.00900
4 253 21 0 ED 0.56000
4 254 21 1 D0 0.56900
4 255 21 2 78 0.96300
4 256 21 3 E8 1.29400
4 257 21 4 8C 0.53100
4 258 21 5 E3 1.32600
4 259 21 6 E2 1.15700
4 260 21 7 AE 1.14700
4 261 21 8 AF 1.16000
4 262 21 9 F0 1.22500
4 263 21 10 A5 0.51000
4 264 21 11 CA 0.87500
4 265 22 0 E1 0.64200
4 266 22 1 E4 1.35000
4 267 22 2 F1 0.96700
4 268 22 3 AA 1.30900
4 269 22 4 A0 0.67700
4 270 22 5 DB 1.17400
4 271 22 6 BF 1.07000
4 272 22 7 D4 1.05600
4 273 22 8 B5 0.95300
4 274 22 9 B2 1.00900
4 275 22 10 8F 0.53100
4 276 22 11 AE 0.73700
4 277 23 0 70 0.79200
4 278 23 1 9B 1.44600
4 279 23 2 77 0.77400
4 280 23 3 34 0.87000
4 281 23 4 E9 0.62300
4 282 23 5 88 0.59300
4 283 23 6 B6 1.61000
4 284 23 7 46 0.67400
4 285 23 8 61 0.67900
4 286 23 9 85 0.38500
4 287 23 10 E3 0.99100
4 288 23 11 A8 0.79200
