1 5 1
1 5 5
1 22 1
1 22 5
1 35 1
1 35 5
1 19 3
1 86 1
1 90 1
1 147 2
1 148 2
1 149 2
1 150 2
1 151 2
1 152 2
1 162 1
1 166 1
1 230 1
1 231 5
1 234 5
1 236 2
1 251 1
1 268 5
1 282 5
1 306 5
1 334 1
1 339 1
1 402 1
1 406 1
1 420 2
1 449 3
1 452 1
1 462 1
1 466 1
1 470 1
1 474 1
1 528 5
1 531 1
1 534 1
1 538 1
2 35 3
2 94 1
2 254 3
2 320 3
2 383 3
2 449 1
3 1 5
3 5 1
3 9 1
3 53 1
3 57 1
3 64 5
3 73 5
3 115 3
3 154 4
3 199 1
3 199 5
3 203 4
3 209 6
3 212 4
3 215 4
3 219 1
4 58 5
4 80 1
4 80 5
4 225 4
4 235 4
4 252 3
4 258 4
