1	1	0	0
1	2	0	1
1	3	0	2
1	4	0	3
1	5	0	4
1	6	0	5
1	7	0	6
1	8	0	7
1	9	0	8
1	10	0	9
1	18	1	0
1	19	1	1
1	20	1	2
1	21	1	3
1	22	1	4
1	23	1	5
1	24	1	6
1	25	1	7
1	26	1	8
1	27	1	9
1	28	1	10
1	35	2	0
1	36	2	1
1	37	2	2
1	38	2	3
1	39	2	4
1	40	2	5
1	41	2	6
1	42	2	7
1	43	2	8
1	44	2	9
1	45	2	10
1	46	2	11
1	52	3	0
1	53	3	1
1	54	3	2
1	55	3	3
1	56	3	4
1	57	3	5
1	58	3	6
1	59	3	7
1	60	3	8
1	61	3	9
1	62	3	10
1	63	3	11
1	64	3	12
1	69	4	0
1	70	4	1
1	71	4	2
1	72	4	3
1	73	4	4
1	74	4	5
1	75	4	6
1	76	4	7
1	77	4	8
1	78	4	9
1	79	4	10
1	80	4	11
1	81	4	12
1	82	4	13
1	86	5	0
1	87	5	1
1	88	5	2
1	89	5	3
1	90	5	4
1	91	5	5
1	92	5	6
1	93	5	7
1	94	5	8
1	95	5	9
1	96	5	10
1	97	5	11
1	98	5	12
1	99	5	13
1	100	5	14
1	103	6	0
1	104	6	1
1	105	6	2
1	106	6	3
1	107	6	4
1	108	6	5
1	109	6	6
1	110	6	7
1	111	6	8
1	112	6	9
1	113	6	10
1	114	6	11
1	115	6	12
1	116	6	13
1	117	6	14
1	118	6	15
1	120	7	0
1	121	7	1
1	122	7	2
1	123	7	3
1	124	7	4
1	125	7	5
1	126	7	6
1	127	7	7
1	128	7	8
1	129	7	9
1	130	7	10
1	131	7	11
1	132	7	12
1	133	7	13
1	134	7	14
1	135	7	15
1	136	7	16
1	137	8	0
1	138	8	1
1	139	8	2
1	140	8	3
1	141	8	4
1	142	8	5
1	143	8	6
1	144	8	7
1	145	8	8
1	146	8	9
1	147	8	10
1	148	8	11
1	149	8	12
1	150	8	13
1	151	8	14
1	152	8	15
1	153	8	16
1	162	9	8
1	163	9	9
1	164	9	10
1	165	9	11
1	166	9	12
1	167	9	13
1	168	9	14
1	169	9	15
1	170	9	16
1	179	10	8
1	180	10	9
1	181	10	10
1	182	10	11
1	183	10	12
1	184	10	13
1	185	10	14
1	186	10	15
1	187	10	16
1	196	11	8
1	197	11	9
1	198	11	10
1	199	11	11
1	200	11	12
1	201	11	13
1	202	11	14
1	203	11	15
1	204	11	16
1	213	12	8
1	214	12	9
1	215	12	10
1	216	12	11
1	217	12	12
1	218	12	13
1	219	12	14
1	220	12	15
1	221	12	16
1	230	13	8
1	231	13	9
1	232	13	10
1	233	13	11
1	234	13	12
1	235	13	13
1	236	13	14
1	237	13	15
1	238	13	16
1	247	14	8
1	248	14	9
1	249	14	10
1	250	14	11
1	251	14	12
1	252	14	13
1	253	14	14
1	254	14	15
1	255	14	16
1	264	15	8
1	265	15	9
1	266	15	10
1	267	15	11
1	268	15	12
1	269	15	13
1	270	15	14
1	271	15	15
1	272	15	16
1	281	16	8
1	282	16	9
1	283	16	10
1	284	16	11
1	285	16	12
1	286	16	13
1	287	16	14
1	288	16	15
1	289	16	16
1	298	17	8
1	299	17	9
1	300	17	10
1	301	17	11
1	302	17	12
1	303	17	13
1	304	17	14
1	305	17	15
1	306	17	16
1	315	18	8
1	316	18	9
1	317	18	10
1	318	18	11
1	319	18	12
1	320	18	13
1	321	18	14
1	322	18	15
1	323	18	16
1	332	19	8
1	333	19	9
1	334	19	10
1	335	19	11
1	336	19	12
1	337	19	13
1	338	19	14
1	339	19	15
1	340	19	16
1	349	20	8
1	350	20	9
1	351	20	10
1	352	20	11
1	353	20	12
1	354	20	13
1	355	20	14
1	356	20	15
1	357	20	16
1	366	21	8
1	367	21	9
1	368	21	10
1	369	21	11
1	370	21	12
1	371	21	13
1	372	21	14
1	373	21	15
1	374	21	16
1	383	22	8
1	384	22	9
1	385	22	10
1	386	22	11
1	387	22	12
1	388	22	13
1	389	22	14
1	390	22	15
1	391	22	16
1	400	23	8
1	401	23	9
1	402	23	10
1	403	23	11
1	404	23	12
1	405	23	13
1	406	23	14
1	407	23	15
1	408	23	16
1	417	24	8
1	418	24	9
1	419	24	10
1	420	24	11
1	421	24	12
1	422	24	13
1	423	24	14
1	424	24	15
1	425	24	16
1	426	25	0
1	427	25	1
1	428	25	2
1	429	25	3
1	430	25	4
1	431	25	5
1	432	25	6
1	433	25	7
1	434	25	8
1	435	25	9
1	436	25	10
1	437	25	11
1	438	25	12
1	439	25	13
1	440	25	14
1	441	25	15
1	442	25	16
1	443	26	0
1	444	26	1
1	445	26	2
1	446	26	3
1	447	26	4
1	448	26	5
1	449	26	6
1	450	26	7
1	451	26	8
1	452	26	9
1	453	26	10
1	454	26	11
1	455	26	12
1	456	26	13
1	457	26	14
1	458	26	15
1	459	26	16
1	460	27	0
1	461	27	1
1	462	27	2
1	463	27	3
1	464	27	4
1	465	27	5
1	466	27	6
1	467	27	7
1	468	27	8
1	469	27	9
1	470	27	10
1	471	27	11
1	472	27	12
1	473	27	13
1	474	27	14
1	475	27	15
1	477	28	0
1	478	28	1
1	479	28	2
1	480	28	3
1	481	28	4
1	482	28	5
1	483	28	6
1	484	28	7
1	485	28	8
1	486	28	9
1	487	28	10
1	488	28	11
1	489	28	12
1	490	28	13
1	491	28	14
1	494	29	0
1	495	29	1
1	496	29	2
1	497	29	3
1	498	29	4
1	499	29	5
1	500	29	6
1	501	29	7
1	502	29	8
1	503	29	9
1	504	29	10
1	505	29	11
1	506	29	12
1	507	29	13
1	511	30	0
1	512	30	1
1	513	30	2
1	514	30	3
1	515	30	4
1	516	30	5
1	517	30	6
1	518	30	7
1	519	30	8
1	520	30	9
1	521	30	10
1	522	30	11
1	523	30	12
1	528	31	0
1	529	31	1
1	530	31	2
1	531	31	3
1	532	31	4
1	533	31	5
1	534	31	6
1	535	31	7
1	536	31	8
1	537	31	9
1	538	31	10
1	539	31	11
1	545	32	0
1	546	32	1
1	547	32	2
1	548	32	3
1	549	32	4
1	550	32	5
1	551	32	6
1	552	32	7
1	553	32	8
1	554	32	9
1	555	32	10
1	562	33	0
1	563	33	1
1	564	33	2
1	565	33	3
1	566	33	4
1	567	33	5
1	568	33	6
1	569	33	7
1	570	33	8
1	571	33	9
2	1	0	0
2	2	0	1
2	3	0	2
2	4	0	3
2	5	0	4
2	6	0	5
2	7	0	6
2	8	0	7
2	9	0	8
2	10	0	9
2	18	1	0
2	19	1	1
2	20	1	2
2	21	1	3
2	22	1	4
2	23	1	5
2	24	1	6
2	25	1	7
2	26	1	8
2	27	1	9
2	28	1	10
2	35	2	0
2	36	2	1
2	37	2	2
2	38	2	3
2	39	2	4
2	40	2	5
2	41	2	6
2	42	2	7
2	43	2	8
2	44	2	9
2	45	2	10
2	46	2	11
2	52	3	0
2	53	3	1
2	54	3	2
2	55	3	3
2	56	3	4
2	57	3	5
2	58	3	6
2	59	3	7
2	60	3	8
2	61	3	9
2	62	3	10
2	63	3	11
2	64	3	12
2	69	4	0
2	70	4	1
2	71	4	2
2	72	4	3
2	73	4	4
2	74	4	5
2	75	4	6
2	76	4	7
2	77	4	8
2	78	4	9
2	79	4	10
2	80	4	11
2	81	4	12
2	82	4	13
2	86	5	0
2	87	5	1
2	88	5	2
2	89	5	3
2	90	5	4
2	91	5	5
2	92	5	6
2	93	5	7
2	94	5	8
2	95	5	9
2	96	5	10
2	97	5	11
2	98	5	12
2	99	5	13
2	100	5	14
2	103	6	0
2	104	6	1
2	105	6	2
2	106	6	3
2	107	6	4
2	108	6	5
2	109	6	6
2	110	6	7
2	111	6	8
2	112	6	9
2	113	6	10
2	114	6	11
2	115	6	12
2	116	6	13
2	117	6	14
2	118	6	15
2	120	7	0
2	121	7	1
2	122	7	2
2	123	7	3
2	124	7	4
2	125	7	5
2	126	7	6
2	127	7	7
2	128	7	8
2	129	7	9
2	130	7	10
2	131	7	11
2	132	7	12
2	133	7	13
2	134	7	14
2	135	7	15
2	136	7	16
2	137	8	0
2	138	8	1
2	139	8	2
2	140	8	3
2	141	8	4
2	142	8	5
2	143	8	6
2	144	8	7
2	145	8	8
2	146	8	9
2	147	8	10
2	148	8	11
2	149	8	12
2	150	8	13
2	151	8	14
2	152	8	15
2	153	8	16
2	162	9	8
2	163	9	9
2	164	9	10
2	165	9	11
2	166	9	12
2	167	9	13
2	168	9	14
2	169	9	15
2	170	9	16
2	179	10	8
2	180	10	9
2	181	10	10
2	182	10	11
2	183	10	12
2	184	10	13
2	185	10	14
2	186	10	15
2	187	10	16
2	196	11	8
2	197	11	9
2	198	11	10
2	199	11	11
2	200	11	12
2	201	11	13
2	202	11	14
2	203	11	15
2	204	11	16
2	213	12	8
2	214	12	9
2	215	12	10
2	216	12	11
2	217	12	12
2	218	12	13
2	219	12	14
2	220	12	15
2	221	12	16
2	230	13	8
2	231	13	9
2	232	13	10
2	233	13	11
2	234	13	12
2	235	13	13
2	236	13	14
2	237	13	15
2	238	13	16
2	247	14	8
2	248	14	9
2	249	14	10
2	250	14	11
2	251	14	12
2	252	14	13
2	253	14	14
2	254	14	15
2	255	14	16
2	264	15	8
2	265	15	9
2	266	15	10
2	267	15	11
2	268	15	12
2	269	15	13
2	270	15	14
2	271	15	15
2	272	15	16
2	281	16	8
2	282	16	9
2	283	16	10
2	284	16	11
2	285	16	12
2	286	16	13
2	287	16	14
2	288	16	15
2	289	16	16
2	298	17	8
2	299	17	9
2	300	17	10
2	301	17	11
2	302	17	12
2	303	17	13
2	304	17	14
2	305	17	15
2	306	17	16
2	315	18	8
2	316	18	9
2	317	18	10
2	318	18	11
2	319	18	12
2	320	18	13
2	321	18	14
2	322	18	15
2	323	18	16
2	332	19	8
2	333	19	9
2	334	19	10
2	335	19	11
2	336	19	12
2	337	19	13
2	338	19	14
2	339	19	15
2	340	19	16
2	349	20	8
2	350	20	9
2	351	20	10
2	352	20	11
2	353	20	12
2	354	20	13
2	355	20	14
2	356	20	15
2	357	20	16
2	366	21	8
2	367	21	9
2	368	21	10
2	369	21	11
2	370	21	12
2	371	21	13
2	372	21	14
2	373	21	15
2	374	21	16
2	383	22	8
2	384	22	9
2	385	22	10
2	386	22	11
2	387	22	12
2	388	22	13
2	389	22	14
2	390	22	15
2	391	22	16
2	400	23	8
2	401	23	9
2	402	23	10
2	403	23	11
2	404	23	12
2	405	23	13
2	406	23	14
2	407	23	15
2	408	23	16
2	417	24	8
2	418	24	9
2	419	24	10
2	420	24	11
2	421	24	12
2	422	24	13
2	423	24	14
2	424	24	15
2	425	24	16
2	426	25	0
2	427	25	1
2	428	25	2
2	429	25	3
2	430	25	4
2	431	25	5
2	432	25	6
2	433	25	7
2	434	25	8
2	435	25	9
2	436	25	10
2	437	25	11
2	438	25	12
2	439	25	13
2	440	25	14
2	441	25	15
2	442	25	16
2	443	26	0
2	444	26	1
2	445	26	2
2	446	26	3
2	447	26	4
2	448	26	5
2	449	26	6
2	450	26	7
2	451	26	8
2	452	26	9
2	453	26	10
2	454	26	11
2	455	26	12
2	456	26	13
2	457	26	14
2	458	26	15
2	459	26	16
2	460	27	0
2	461	27	1
2	462	27	2
2	463	27	3
2	464	27	4
2	465	27	5
2	466	27	6
2	467	27	7
2	468	27	8
2	469	27	9
2	470	27	10
2	471	27	11
2	472	27	12
2	473	27	13
2	474	27	14
2	475	27	15
2	477	28	0
2	478	28	1
2	479	28	2
2	480	28	3
2	481	28	4
2	482	28	5
2	483	28	6
2	484	28	7
2	485	28	8
2	486	28	9
2	487	28	10
2	488	28	11
2	489	28	12
2	490	28	13
2	491	28	14
2	494	29	0
2	495	29	1
2	496	29	2
2	497	29	3
2	498	29	4
2	499	29	5
2	500	29	6
2	501	29	7
2	502	29	8
2	503	29	9
2	504	29	10
2	505	29	11
2	506	29	12
2	507	29	13
2	511	30	0
2	512	30	1
2	513	30	2
2	514	30	3
2	515	30	4
2	516	30	5
2	517	30	6
2	518	30	7
2	519	30	8
2	520	30	9
2	521	30	10
2	522	30	11
2	523	30	12
2	528	31	0
2	529	31	1
2	530	31	2
2	531	31	3
2	532	31	4
2	533	31	5
2	534	31	6
2	535	31	7
2	536	31	8
2	537	31	9
2	538	31	10
2	539	31	11
2	545	32	0
2	546	32	1
2	547	32	2
2	548	32	3
2	549	32	4
2	550	32	5
2	551	32	6
2	552	32	7
2	553	32	8
2	554	32	9
2	555	32	10
2	562	33	0
2	563	33	1
2	564	33	2
2	565	33	3
2	566	33	4
2	567	33	5
2	568	33	6
2	569	33	7
2	570	33	8
2	571	33	9
3	1	0	0
3	2	0	1
3	3	0	2
3	4	0	3
3	5	0	4
3	6	0	5
3	7	0	6
3	8	0	7
3	9	0	8
3	10	0	9
3	11	0	10
3	12	0	11
3	13	1	0
3	14	1	1
3	15	1	2
3	16	1	3
3	17	1	4
3	18	1	5
3	19	1	6
3	20	1	7
3	21	1	8
3	22	1	9
3	23	1	10
3	24	1	11
3	25	2	0
3	26	2	1
3	27	2	2
3	28	2	3
3	29	2	4
3	30	2	5
3	31	2	6
3	32	2	7
3	33	2	8
3	34	2	9
3	35	2	10
3	36	2	11
3	37	3	0
3	38	3	1
3	39	3	2
3	40	3	3
3	41	3	4
3	42	3	5
3	43	3	6
3	44	3	7
3	45	3	8
3	46	3	9
3	47	3	10
3	48	3	11
3	49	4	0
3	50	4	1
3	51	4	2
3	52	4	3
3	53	4	4
3	54	4	5
3	55	4	6
3	56	4	7
3	57	4	8
3	58	4	9
3	59	4	10
3	60	4	11
3	61	5	0
3	62	5	1
3	63	5	2
3	64	5	3
3	65	5	4
3	66	5	5
3	67	5	6
3	68	5	7
3	69	5	8
3	70	5	9
3	71	5	10
3	72	5	11
3	73	6	0
3	74	6	1
3	75	6	2
3	76	6	3
3	77	6	4
3	78	6	5
3	79	6	6
3	80	6	7
3	81	6	8
3	82	6	9
3	83	6	10
3	84	6	11
3	90	7	5
3	91	7	6
3	92	7	7
3	93	7	8
3	94	7	9
3	95	7	10
3	96	7	11
3	102	8	5
3	103	8	6
3	104	8	7
3	105	8	8
3	106	8	9
3	107	8	10
3	108	8	11
3	114	9	5
3	115	9	6
3	116	9	7
3	117	9	8
3	118	9	9
3	119	9	10
3	120	9	11
3	126	10	5
3	127	10	6
3	128	10	7
3	129	10	8
3	130	10	9
3	131	10	10
3	132	10	11
3	138	11	5
3	139	11	6
3	140	11	7
3	141	11	8
3	142	11	9
3	143	11	10
3	144	11	11
3	150	12	5
3	151	12	6
3	152	12	7
3	153	12	8
3	154	12	9
3	155	12	10
3	156	12	11
3	162	13	5
3	163	13	6
3	164	13	7
3	165	13	8
3	166	13	9
3	167	13	10
3	168	13	11
3	174	14	5
3	175	14	6
3	176	14	7
3	177	14	8
3	178	14	9
3	179	14	10
3	180	14	11
3	186	15	5
3	187	15	6
3	188	15	7
3	189	15	8
3	190	15	9
3	191	15	10
3	192	15	11
3	198	16	5
3	199	16	6
3	200	16	7
3	201	16	8
3	202	16	9
3	203	16	10
3	204	16	11
3	205	17	0
3	206	17	1
3	207	17	2
3	208	17	3
3	209	17	4
3	210	17	5
3	211	17	6
3	212	17	7
3	213	17	8
3	214	17	9
3	215	17	10
3	216	17	11
3	217	18	0
3	218	18	1
3	219	18	2
3	220	18	3
3	221	18	4
3	222	18	5
3	223	18	6
3	224	18	7
3	225	18	8
3	226	18	9
3	227	18	10
3	228	18	11
3	229	19	0
3	230	19	1
3	231	19	2
3	232	19	3
3	233	19	4
3	234	19	5
3	235	19	6
3	236	19	7
3	237	19	8
3	238	19	9
3	239	19	10
3	240	19	11
3	241	20	0
3	242	20	1
3	243	20	2
3	244	20	3
3	245	20	4
3	246	20	5
3	247	20	6
3	248	20	7
3	249	20	8
3	250	20	9
3	251	20	10
3	252	20	11
3	253	21	0
3	254	21	1
3	255	21	2
3	256	21	3
3	257	21	4
3	258	21	5
3	259	21	6
3	260	21	7
3	261	21	8
3	262	21	9
3	263	21	10
3	264	21	11
3	265	22	0
3	266	22	1
3	267	22	2
3	268	22	3
3	269	22	4
3	270	22	5
3	271	22	6
3	272	22	7
3	273	22	8
3	274	22	9
3	275	22	10
3	276	22	11
3	277	23	0
3	278	23	1
3	279	23	2
3	280	23	3
3	281	23	4
3	282	23	5
3	283	23	6
3	284	23	7
3	285	23	8
3	286	23	9
3	287	23	10
3	288	23	11
4	1	0	0
4	2	0	1
4	3	0	2
4	4	0	3
4	5	0	4
4	6	0	5
4	7	0	6
4	8	0	7
4	9	0	8
4	10	0	9
4	11	0	10
4	12	0	11
4	13	1	0
4	14	1	1
4	15	1	2
4	16	1	3
4	17	1	4
4	18	1	5
4	19	1	6
4	20	1	7
4	21	1	8
4	22	1	9
4	23	1	10
4	24	1	11
4	25	2	0
4	26	2	1
4	27	2	2
4	28	2	3
4	29	2	4
4	30	2	5
4	31	2	6
4	32	2	7
4	33	2	8
4	34	2	9
4	35	2	10
4	36	2	11
4	37	3	0
4	38	3	1
4	39	3	2
4	40	3	3
4	41	3	4
4	42	3	5
4	43	3	6
4	44	3	7
4	45	3	8
4	46	3	9
4	47	3	10
4	48	3	11
4	49	4	0
4	50	4	1
4	51	4	2
4	52	4	3
4	53	4	4
4	54	4	5
4	55	4	6
4	56	4	7
4	57	4	8
4	58	4	9
4	59	4	10
4	60	4	11
4	61	5	0
4	62	5	1
4	63	5	2
4	64	5	3
4	65	5	4
4	66	5	5
4	67	5	6
4	68	5	7
4	69	5	8
4	70	5	9
4	71	5	10
4	72	5	11
4	73	6	0
4	74	6	1
4	75	6	2
4	76	6	3
4	77	6	4
4	78	6	5
4	79	6	6
4	80	6	7
4	81	6	8
4	82	6	9
4	83	6	10
4	84	6	11
4	90	7	5
4	91	7	6
4	92	7	7
4	93	7	8
4	94	7	9
4	95	7	10
4	96	7	11
4	102	8	5
4	103	8	6
4	104	8	7
4	105	8	8
4	106	8	9
4	107	8	10
4	108	8	11
4	114	9	5
4	115	9	6
4	116	9	7
4	117	9	8
4	118	9	9
4	119	9	10
4	120	9	11
4	126	10	5
4	127	10	6
4	128	10	7
4	129	10	8
4	130	10	9
4	131	10	10
4	132	10	11
4	138	11	5
4	139	11	6
4	140	11	7
4	141	11	8
4	142	11	9
4	143	11	10
4	144	11	11
4	150	12	5
4	151	12	6
4	152	12	7
4	153	12	8
4	154	12	9
4	155	12	10
4	156	12	11
4	162	13	5
4	163	13	6
4	164	13	7
4	165	13	8
4	166	13	9
4	167	13	10
4	168	13	11
4	174	14	5
4	175	14	6
4	176	14	7
4	177	14	8
4	178	14	9
4	179	14	10
4	180	14	11
4	186	15	5
4	187	15	6
4	188	15	7
4	189	15	8
4	190	15	9
4	191	15	10
4	192	15	11
4	198	16	5
4	199	16	6
4	200	16	7
4	201	16	8
4	202	16	9
4	203	16	10
4	204	16	11
4	205	17	0
4	206	17	1
4	207	17	2
4	208	17	3
4	209	17	4
4	210	17	5
4	211	17	6
4	212	17	7
4	213	17	8
4	214	17	9
4	215	17	10
4	216	17	11
4	217	18	0
4	218	18	1
4	219	18	2
4	220	18	3
4	221	18	4
4	222	18	5
4	223	18	6
4	224	18	7
4	225	18	8
4	226	18	9
4	227	18	10
4	228	18	11
4	229	19	0
4	230	19	1
4	231	19	2
4	232	19	3
4	233	19	4
4	234	19	5
4	235	19	6
4	236	19	7
4	237	19	8
4	238	19	9
4	239	19	10
4	240	19	11
4	241	20	0
4	242	20	1
4	243	20	2
4	244	20	3
4	245	20	4
4	246	20	5
4	247	20	6
4	248	20	7
4	249	20	8
4	250	20	9
4	251	20	10
4	252	20	11
4	253	21	0
4	254	21	1
4	255	21	2
4	256	21	3
4	257	21	4
4	258	21	5
4	259	21	6
4	260	21	7
4	261	21	8
4	262	21	9
4	263	21	10
4	264	21	11
4	265	22	0
4	266	22	1
4	267	22	2
4	268	22	3
4	269	22	4
4	270	22	5
4	271	22	6
4	272	22	7
4	273	22	8
4	274	22	9
4	275	22	10
4	276	22	11
4	277	23	0
4	278	23	1
4	279	23	2
4	280	23	3
4	281	23	4
4	282	23	5
4	283	23	6
4	284	23	7
4	285	23	8
4	286	23	9
4	287	23	10
4	288	23	11
